364 449 501 519 637 372 679 447 210 238 0 136 591 144 508 479 205 190 647 419 176 563 633 407 472 268 690 649 32 298 221 252 547 695 316 470 451 221 196 173 297 748 242 462 652 495 491 665 160 320 729 456 193 209 56 373 35 442 687 682 151 120 447 400 268 292 324 140 731 265 242 504 667 603 88 174 421 169 194 42 499 555 705 12 237 266 237 137 52 310 223 461 627 196 540 679 163 167 171 712 
353 118 135 135 317 555 114 16 374 100 215 743 666 255 703 550 596 506 172 346 641 673 476 607 0 240 142 93 503 309 60 410 607 124 619 349 254 11 135 719 687 745 271 608 668 94 376 287 559 349 281 203 1 468 359 749 311 647 494 517 279 343 593 213 459 275 238 104 26 439 701 58 248 186 184 65 322 560 398 252 269 409 568 154 68 467 560 324 9 471 511 4 599 175 444 162 533 366 224 15 
552 588 98 348 68 8 392 505 473 277 625 192 370 74 156 465 167 735 249 259 704 76 194 227 79 94 472 516 171 68 361 571 253 396 116 430 623 509 456 422 561 684 202 184 630 391 522 115 357 456 317 254 471 448 395 251 202 204 307 595 140 75 585 167 367 544 48 113 531 707 556 717 539 549 226 524 50 374 66 203 50 127 194 50 25 79 103 334 189 423 83 745 101 258 705 358 673 364 675 286 
410 297 741 433 684 475 101 567 504 289 4 203 663 634 509 414 296 673 198 87 343 537 669 546 445 705 112 605 299 738 227 93 235 458 415 37 340 647 663 694 560 46 671 28 713 370 148 599 357 404 104 30 545 664 619 658 456 220 606 475 382 626 724 219 194 570 348 388 624 598 252 522 272 343 543 450 27 134 229 706 243 87 440 610 435 504 77 462 97 305 335 210 137 360 189 70 401 512 719 483 
502 711 480 748 547 254 212 433 673 18 127 19 668 344 658 127 733 89 104 416 292 714 552 727 324 82 330 650 384 558 254 693 198 436 408 37 257 391 89 81 603 217 702 167 257 459 80 324 472 533 532 679 629 613 647 566 247 270 641 410 400 734 370 332 267 534 121 98 221 546 44 351 10 507 85 0 560 396 380 50 227 282 196 8 336 652 630 390 291 517 605 385 582 14 285 603 325 653 439 198 
380 209 459 395 451 247 324 197 346 157 387 328 387 651 634 378 408 430 95 555 134 463 440 93 525 124 119 100 262 254 668 577 195 587 425 738 474 161 557 156 502 138 16 91 114 748 420 576 161 277 291 21 14 598 582 364 217 416 615 290 302 115 100 12 444 100 583 330 226 504 321 584 170 487 33 393 172 535 599 411 447 225 553 208 449 12 524 285 610 280 367 315 710 361 548 559 445 156 230 10 
128 417 228 446 95 300 146 195 99 588 469 664 725 232 139 627 552 609 676 430 335 304 89 743 65 4 296 564 370 71 261 491 468 585 72 247 255 104 575 117 743 265 527 710 666 530 87 478 695 643 734 432 431 489 364 745 505 299 92 378 603 185 697 160 489 579 150 482 557 693 17 653 286 289 99 147 102 527 377 50 599 200 615 718 134 353 148 633 698 402 494 110 710 478 443 46 334 19 284 187 
30 26 683 486 647 733 403 110 62 83 572 360 259 216 274 201 341 98 745 182 622 36 726 428 415 454 470 66 655 122 510 689 222 546 725 659 613 219 218 281 232 539 107 512 234 174 583 88 429 138 618 484 352 523 335 255 118 294 407 65 649 420 103 72 20 409 129 636 745 2 558 328 285 684 305 56 142 690 718 590 632 357 295 360 704 0 300 521 205 396 270 509 590 313 341 446 309 705 19 505 
667 634 405 710 226 276 51 373 399 180 76 694 649 333 459 700 574 451 88 467 415 624 641 3 51 50 237 440 117 23 352 281 333 749 226 662 333 554 410 62 481 156 57 696 391 382 630 590 457 446 705 589 471 540 240 79 143 394 578 463 187 114 494 368 438 117 531 442 523 152 295 357 656 734 261 361 394 747 480 20 86 151 375 620 254 440 656 179 580 524 351 443 384 520 141 577 559 286 258 349 
125 742 453 580 26 108 96 533 141 156 536 354 275 532 307 391 92 318 118 77 313 651 26 584 556 138 130 74 497 422 638 385 697 408 289 552 217 272 401 28 309 320 158 633 150 170 717 701 705 616 420 279 642 103 634 615 193 672 417 721 435 255 637 185 676 219 577 143 183 371 558 467 236 579 129 1 150 514 535 143 28 260 280 360 430 272 368 20 268 238 309 265 315 652 420 299 207 421 407 184 
658 579 395 1 224 594 301 527 239 8 466 65 422 124 482 623 314 169 464 342 358 400 717 367 641 737 427 390 118 33 292 398 453 187 14 514 218 136 678 457 709 533 450 356 427 549 465 441 745 348 640 631 24 224 226 537 462 542 616 575 126 486 332 378 157 553 255 470 89 511 619 624 632 731 644 430 476 71 523 666 483 717 603 445 21 724 466 731 423 659 648 548 449 656 29 627 455 132 441 54 
674 190 334 572 157 612 498 726 232 445 66 467 586 530 45 361 461 594 511 546 410 230 169 222 430 442 436 591 59 480 631 242 199 627 421 699 515 518 140 170 269 178 109 209 190 127 144 22 456 531 467 200 176 47 365 589 606 655 47 283 207 200 640 551 626 492 597 59 156 141 491 33 572 651 553 413 205 176 99 322 261 409 129 586 498 434 621 380 175 588 404 679 272 528 36 255 271 636 166 637 
687 488 439 22 356 51 422 724 375 413 598 413 343 608 376 507 466 80 310 617 568 732 490 610 365 731 105 172 430 159 602 249 699 413 126 457 443 194 570 193 199 207 525 472 294 166 459 368 196 24 344 59 88 297 606 100 411 461 386 586 81 345 198 444 100 87 429 91 656 681 511 513 544 706 539 485 439 359 248 502 653 86 353 563 253 206 172 544 662 685 407 379 610 440 116 623 107 299 482 542 
458 240 607 302 533 444 69 425 511 425 464 417 77 469 417 168 723 331 496 497 150 217 196 154 97 660 691 60 536 381 615 363 223 404 574 531 370 483 497 541 172 572 487 706 268 209 192 11 391 528 220 635 485 171 2 322 536 452 291 725 676 55 219 452 75 335 286 367 71 307 705 372 281 417 27 675 360 406 479 697 558 583 159 59 319 311 345 535 383 175 722 474 198 353 633 194 245 212 179 579 
679 660 83 715 587 365 399 717 224 10 675 161 669 266 429 511 602 165 462 250 216 693 377 555 264 107 703 0 426 146 99 650 279 136 485 157 536 236 591 686 116 322 340 75 149 545 316 660 361 394 615 649 599 547 0 357 117 550 239 553 241 229 740 629 342 197 521 43 306 295 157 539 51 436 288 366 84 122 193 260 401 491 12 8 3 281 258 175 77 711 595 330 739 718 187 29 540 619 289 27 
414 328 539 393 86 67 623 23 220 111 302 258 355 284 154 572 347 601 369 465 745 472 571 331 648 407 89 483 416 11 674 214 375 515 48 521 378 243 398 39 518 165 290 493 133 162 741 130 421 465 453 568 278 508 223 275 124 217 522 267 301 79 475 289 98 38 99 606 607 129 154 701 347 560 605 210 726 615 477 494 38 261 503 452 400 149 113 728 520 354 392 578 575 329 33 209 454 27 244 434 
501 147 185 32 505 345 115 28 167 733 587 231 93 362 613 527 340 271 268 227 579 439 496 240 677 185 424 439 225 97 137 234 116 359 307 367 737 517 43 490 570 170 498 719 486 86 229 93 231 582 237 118 9 309 464 251 91 49 228 216 85 254 284 108 300 173 36 46 428 500 213 281 289 698 140 558 524 470 220 570 139 140 307 2 465 532 600 730 131 9 724 553 227 313 364 86 449 29 659 682 
446 742 604 207 313 385 465 171 657 516 524 541 55 585 232 506 706 628 505 688 656 667 233 253 430 483 106 297 54 0 165 645 552 64 496 17 637 400 625 725 568 425 195 242 418 140 37 512 742 562 457 329 300 8 294 360 456 436 144 338 98 492 333 135 201 611 357 84 551 509 44 191 98 611 178 302 556 125 718 211 744 284 314 478 275 564 178 223 746 582 232 137 678 457 674 317 277 371 474 187 
194 63 613 748 749 440 537 6 302 409 21 301 290 423 557 333 627 467 416 452 399 275 226 68 382 214 405 386 93 135 21 729 211 477 229 684 488 527 169 530 52 265 699 255 677 381 322 287 407 717 539 429 461 589 83 610 433 417 511 92 619 625 292 537 596 31 60 9 440 667 380 210 15 223 704 51 356 183 292 604 730 110 296 41 639 561 437 667 23 318 749 443 44 475 200 98 120 573 688 740 
159 356 556 250 210 453 46 458 711 643 327 437 557 542 692 255 334 659 466 568 465 481 60 704 229 375 263 520 132 529 539 721 628 571 242 50 183 472 399 39 283 255 385 135 108 491 467 239 144 120 25 229 342 305 424 181 664 373 115 300 240 679 452 33 273 256 298 383 329 307 12 343 597 212 297 149 165 35 365 238 309 596 52 12 304 38 521 703 586 323 13 398 151 400 272 533 453 303 7 392 
567 660 300 195 567 420 745 340 573 48 598 486 16 434 604 664 60 260 571 392 143 474 82 326 364 616 633 368 431 320 721 417 111 26 235 479 539 22 262 726 237 59 667 278 396 502 628 560 114 152 261 74 626 74 320 89 441 619 601 211 671 595 194 665 5 465 739 334 553 340 76 214 125 104 526 396 724 98 155 14 265 206 16 434 306 36 591 266 221 32 32 204 294 186 267 6 588 155 238 388 
575 199 191 352 732 609 111 163 255 701 119 714 408 500 246 133 98 43 347 143 620 27 731 584 136 563 686 466 509 374 143 99 503 83 20 366 113 596 151 160 369 539 522 239 429 226 133 119 610 687 460 94 352 196 278 595 444 180 31 193 713 196 121 408 625 232 113 617 404 351 555 544 410 309 542 75 81 644 577 580 650 66 638 706 191 121 735 452 641 708 501 259 455 295 574 54 745 294 86 594 
268 78 525 658 401 637 206 365 373 342 213 533 397 704 175 419 722 523 403 697 312 745 186 113 535 695 158 526 259 191 461 456 196 263 227 458 291 116 107 144 163 494 719 250 532 95 72 80 557 722 567 645 521 145 274 107 583 252 747 361 43 522 129 8 206 507 566 351 190 320 532 335 318 121 183 740 108 214 342 464 138 316 537 119 710 188 326 522 738 637 219 615 381 603 567 190 129 226 236 556 
423 43 83 521 301 595 22 574 643 199 174 430 470 558 69 197 533 642 522 9 253 618 705 84 739 197 639 602 123 436 113 64 205 719 517 441 602 334 83 95 584 208 644 319 582 726 463 266 320 683 161 610 622 567 56 375 276 36 347 253 627 235 595 623 698 74 410 226 541 624 720 154 268 329 625 288 66 720 465 220 565 279 379 27 206 434 662 368 331 83 26 41 154 321 565 275 511 261 740 628 
697 83 305 375 15 116 185 708 577 18 77 228 473 539 732 616 122 737 577 198 151 0 634 503 730 688 162 564 661 650 108 360 245 143 663 191 537 321 186 320 580 452 557 214 625 593 363 107 318 590 662 276 180 129 745 318 494 216 492 310 362 309 448 205 656 604 140 238 743 412 667 508 603 379 663 661 600 196 534 193 37 193 499 303 40 565 592 340 112 81 165 394 720 539 100 406 210 330 68 731 
218 591 268 559 183 328 589 542 84 412 358 133 582 361 170 488 264 348 455 543 527 59 545 416 574 324 506 330 235 18 265 658 209 8 213 673 221 591 333 138 246 214 607 615 301 170 496 45 97 237 538 600 296 27 731 303 653 129 209 482 83 462 534 262 442 743 150 688 627 575 114 470 680 525 133 516 122 118 265 15 445 688 628 515 736 191 43 435 402 119 624 313 238 309 202 62 3 647 524 313 
373 538 135 350 394 517 429 36 732 231 36 679 411 124 152 221 205 57 87 540 638 208 321 359 142 502 545 99 726 730 724 221 30 552 356 363 54 277 321 103 664 635 357 572 470 413 139 325 681 263 672 561 661 189 686 331 137 581 111 458 335 722 186 152 157 39 201 619 307 161 291 481 747 574 258 290 616 179 503 40 379 283 609 25 681 410 493 617 553 708 202 461 236 333 520 575 663 717 637 235 
461 687 172 626 352 88 26 419 200 454 512 521 382 383 716 406 87 632 635 211 36 338 551 221 29 243 670 46 231 476 80 101 216 340 420 103 395 299 165 369 517 526 520 261 493 701 293 276 444 543 145 510 42 526 702 645 222 309 717 49 643 431 682 684 5 586 607 648 158 465 469 4 595 360 569 445 668 204 361 678 14 622 121 593 623 180 413 376 41 604 561 721 439 634 366 655 419 343 642 640 
646 355 663 35 319 655 520 168 336 210 480 214 220 242 317 674 557 269 413 119 83 438 308 59 508 668 562 225 710 9 357 632 710 407 747 123 536 543 103 128 522 65 660 473 161 26 357 323 735 595 719 565 697 548 346 248 227 448 378 167 345 380 149 532 514 590 471 260 522 405 186 716 564 537 433 374 651 295 198 73 594 78 69 717 86 674 471 637 108 504 233 491 449 555 574 176 499 455 324 421 
0 35 239 696 308 654 298 268 647 553 188 560 363 452 415 546 186 486 346 156 422 434 245 730 576 491 268 536 684 169 493 396 350 247 583 492 449 580 510 140 299 571 309 327 84 33 3 121 611 102 718 431 732 682 53 461 208 704 276 726 151 231 226 711 116 517 429 163 742 293 559 657 672 51 362 94 75 237 525 480 618 660 528 247 700 10 499 283 542 369 708 537 741 725 485 202 304 305 125 682 
702 103 439 48 39 125 71 455 521 563 429 684 426 174 728 510 265 277 443 35 397 378 97 380 641 278 204 174 347 38 585 407 689 652 130 333 588 463 475 371 95 321 687 356 184 447 230 33 157 443 2 114 540 571 545 77 333 671 317 11 357 302 629 106 75 201 347 287 682 611 289 289 51 192 235 87 199 209 11 271 691 32 260 443 218 22 38 353 111 734 14 586 320 224 446 188 114 572 61 175 
114 153 526 701 474 671 481 566 707 141 689 353 720 168 555 181 53 271 703 310 546 608 491 331 259 361 44 701 263 405 711 588 102 49 620 581 223 100 619 682 658 158 730 264 414 289 210 317 595 539 500 706 287 589 158 147 15 679 619 118 364 222 22 375 583 315 109 508 220 157 295 636 663 102 723 664 216 451 554 41 591 28 27 724 47 501 647 747 448 668 186 304 535 77 675 389 380 93 367 468 
682 366 411 151 223 89 144 638 437 6 134 138 500 641 501 171 63 269 394 116 43 262 379 744 188 174 83 27 731 296 207 86 654 533 406 209 90 107 71 590 107 710 248 633 139 282 476 511 385 665 538 265 497 365 451 333 566 481 199 459 371 264 454 415 208 383 633 329 658 186 183 673 376 561 218 323 54 482 676 79 643 546 470 191 150 308 563 658 187 367 660 360 160 307 413 128 729 152 737 541 
0 283 549 107 704 711 568 13 491 325 376 655 512 314 552 721 557 674 692 644 379 748 160 698 137 715 186 308 180 461 348 165 98 54 357 55 540 395 304 84 300 561 274 375 173 294 664 419 430 479 450 641 322 390 325 466 321 444 494 176 33 248 64 526 664 638 629 54 182 159 493 621 329 367 651 64 710 282 675 372 664 452 71 406 683 123 285 662 88 216 199 381 126 280 290 743 306 625 579 315 
183 588 361 569 687 730 487 279 288 286 304 7 232 24 79 113 123 79 486 263 732 306 484 204 148 509 517 431 638 506 285 279 13 497 587 54 348 672 532 31 666 618 99 60 197 251 5 504 514 181 502 708 450 333 667 615 701 446 350 109 322 28 332 498 630 94 617 415 49 571 310 683 247 457 671 517 199 531 268 415 6 590 484 675 109 552 337 10 722 480 118 409 367 186 360 383 373 325 323 68 
325 375 204 506 122 170 2 630 351 232 741 451 419 573 729 713 325 445 14 56 112 738 73 404 679 280 495 69 221 102 660 535 198 78 353 65 326 395 208 560 61 268 249 279 215 186 139 368 84 340 204 160 488 581 626 73 688 178 44 717 386 285 723 259 60 60 649 430 537 199 456 679 567 208 138 303 553 112 714 735 146 615 362 573 161 571 39 359 384 76 374 10 722 218 690 615 291 516 166 462 
415 136 585 658 616 414 240 272 500 319 113 122 331 13 271 267 85 447 712 522 323 506 534 693 316 676 145 541 386 702 268 511 245 169 539 382 551 315 373 621 89 422 541 229 739 92 628 508 161 219 360 33 352 365 592 480 609 165 506 225 117 263 572 274 292 300 360 642 242 475 340 93 260 305 666 373 65 545 148 64 733 577 606 718 650 329 372 126 257 410 578 424 50 104 397 363 233 693 249 317 
640 291 450 243 385 15 182 553 282 78 306 283 60 410 692 63 170 710 668 429 381 298 21 320 332 299 315 271 653 461 454 747 720 185 15 594 512 330 729 635 691 30 541 198 591 88 712 207 160 652 525 676 474 251 147 2 402 454 420 695 566 198 165 661 306 219 65 481 383 516 241 181 120 573 46 205 672 432 398 221 234 95 242 713 477 107 587 701 494 271 274 640 236 717 406 626 713 551 634 208 
654 515 560 590 209 194 20 401 646 228 48 489 229 115 52 141 542 666 609 54 655 306 175 601 498 47 52 437 120 121 241 692 407 721 400 472 679 245 147 231 445 211 401 395 364 102 281 337 467 698 618 590 742 176 692 132 721 644 387 512 733 502 162 535 436 8 74 272 25 395 561 572 270 347 746 642 100 11 668 701 725 168 87 726 425 348 78 42 613 451 257 625 71 600 155 400 431 470 515 648 
538 644 453 149 426 72 295 126 493 412 709 388 505 525 663 539 400 642 661 434 383 109 685 240 427 117 199 241 525 664 46 346 622 343 735 673 219 480 326 614 629 192 400 382 368 669 574 495 194 689 433 129 112 241 258 481 211 122 311 517 263 60 323 51 407 154 283 667 562 171 254 51 672 356 244 620 626 463 170 235 126 685 425 295 382 418 204 327 591 287 211 177 152 648 621 94 637 379 498 373 
616 208 403 2 78 220 211 616 716 737 423 24 561 462 157 304 614 144 403 700 530 96 637 283 628 366 374 441 598 326 516 74 167 602 391 460 601 186 543 389 286 1 439 515 692 416 631 370 495 690 36 143 587 345 298 562 502 82 96 182 606 729 440 382 715 547 513 20 55 467 432 466 130 267 180 557 507 525 70 697 337 490 689 358 617 201 424 88 582 648 174 120 554 579 416 345 171 254 647 723 
564 680 91 664 504 477 688 83 270 350 486 728 148 730 300 671 230 430 445 175 54 364 114 411 381 3 518 84 641 615 541 731 550 205 239 326 323 308 164 454 112 299 591 233 615 507 712 98 407 112 581 210 334 282 42 100 586 677 631 0 407 488 562 381 494 73 544 568 217 632 427 473 670 365 350 237 101 174 69 529 149 624 1 269 229 117 704 178 731 160 571 245 165 161 485 115 691 94 196 11 
690 522 401 263 376 123 2 22 417 8 703 263 6 262 398 522 493 547 465 470 423 40 425 497 304 192 132 589 210 696 389 319 729 303 376 158 529 459 235 182 532 42 265 469 623 86 682 145 540 506 276 265 61 41 37 477 624 551 749 22 701 621 516 431 693 459 515 595 166 399 509 312 612 238 543 744 386 38 267 319 231 68 261 223 607 451 215 411 158 443 166 83 626 729 12 309 692 248 100 207 
155 511 502 1 465 24 426 92 548 628 339 18 103 99 360 357 353 390 24 280 61 36 351 112 742 712 262 652 711 300 247 211 427 717 163 143 632 27 176 620 617 444 515 455 390 123 151 661 350 578 14 395 436 181 373 305 62 540 151 471 429 537 495 538 205 286 644 176 312 105 207 381 204 660 687 688 219 634 349 484 245 50 489 535 329 213 673 267 3 105 342 318 722 58 720 239 25 265 365 277 
365 568 234 66 172 65 265 226 660 321 738 314 480 188 471 291 682 198 61 510 701 328 212 214 609 428 664 257 236 126 503 664 598 438 413 240 737 495 94 640 2 393 272 564 506 227 3 740 685 368 217 435 144 727 624 741 71 431 174 192 193 366 202 42 744 225 716 125 138 654 307 255 152 206 724 21 674 716 98 3 614 186 672 353 344 406 697 738 518 278 520 33 386 83 91 446 465 79 466 368 
178 42 276 440 236 597 39 629 522 283 22 509 499 81 366 445 641 65 285 585 520 683 251 447 545 207 324 147 388 192 181 739 220 563 569 68 287 370 713 739 259 660 295 642 9 701 69 588 423 740 728 417 76 558 611 703 213 268 1 460 493 165 423 417 422 131 65 538 554 563 430 75 546 675 387 91 529 139 424 11 620 45 119 413 147 245 692 516 529 592 283 204 747 334 645 470 4 278 342 290 
176 126 675 74 179 706 325 92 84 687 675 121 240 662 58 738 356 356 155 453 142 160 12 724 289 733 168 105 249 154 482 519 239 244 88 490 713 14 70 135 146 121 222 232 71 406 341 619 483 165 602 27 278 478 33 174 441 344 204 475 464 688 535 446 489 65 179 252 281 389 86 216 383 183 66 743 478 139 575 306 8 431 451 354 193 673 198 159 664 669 277 67 287 424 72 82 655 456 310 235 
293 257 127 371 106 295 330 534 604 305 530 36 355 108 239 743 739 668 341 132 171 86 588 64 669 259 152 178 338 482 694 148 240 625 111 165 338 381 720 91 438 234 15 89 339 619 661 608 42 537 571 282 528 243 171 20 353 386 88 311 336 403 720 378 404 531 281 414 532 295 348 285 478 516 96 557 490 603 727 40 544 118 410 324 288 236 412 164 609 345 389 512 162 234 342 200 365 665 297 246 
299 339 678 419 571 163 35 479 516 644 121 269 229 381 224 245 640 127 371 367 556 298 628 389 183 670 134 317 549 29 605 47 447 336 44 181 551 429 637 728 286 332 75 664 409 382 542 76 510 659 655 602 105 218 537 55 285 602 308 35 389 210 658 186 444 500 399 401 408 8 388 427 112 398 245 290 426 720 668 585 195 592 66 305 194 124 410 648 461 691 195 603 631 358 589 616 437 50 568 50 
584 68 64 479 703 575 388 279 181 648 406 617 439 584 682 286 360 192 237 350 166 727 444 376 101 9 574 4 553 153 227 42 636 718 194 556 262 65 365 242 657 682 531 220 183 523 526 241 414 409 283 558 52 535 413 401 670 246 21 119 44 690 190 126 166 324 724 606 621 15 424 127 111 739 303 521 544 53 203 26 730 59 280 521 645 103 722 331 215 231 346 177 109 490 104 496 320 641 190 102 
537 289 165 559 595 265 521 152 32 477 709 638 226 544 463 685 722 153 701 493 516 266 411 188 373 619 525 238 557 702 63 290 251 681 558 588 510 592 419 36 658 82 602 749 401 134 73 94 432 123 478 106 58 695 102 723 390 570 89 38 146 210 298 671 108 505 424 581 548 98 249 568 36 88 617 634 546 377 69 495 372 131 104 46 190 180 43 90 160 338 591 564 133 128 375 558 722 505 10 655 
645 29 538 220 267 482 90 495 748 439 411 444 315 47 430 310 56 16 608 102 362 83 409 571 162 22 738 0 277 373 128 743 655 696 244 737 88 146 191 694 154 51 65 38 249 421 498 591 345 44 661 420 565 464 41 239 386 591 607 590 744 17 192 242 367 489 96 335 705 714 281 478 206 309 467 113 554 519 666 166 56 494 30 637 322 571 372 369 537 44 166 444 216 80 290 616 705 151 348 41 
481 518 236 472 426 626 553 281 271 574 179 543 715 371 318 444 326 746 373 189 675 729 337 433 466 382 325 76 387 525 664 173 709 124 656 472 381 515 749 477 439 50 405 50 714 49 112 501 217 744 670 68 104 591 66 489 478 498 359 402 140 15 287 54 357 28 406 434 662 282 249 576 704 308 560 687 454 466 6 527 313 301 491 14 241 104 13 16 614 165 552 302 555 361 641 497 343 192 60 419 
459 391 199 544 177 265 483 400 146 696 522 516 111 122 666 193 13 360 596 241 466 601 419 655 482 631 190 391 11 45 7 699 739 312 519 337 663 443 400 704 565 91 29 683 534 377 395 410 460 70 197 367 16 244 93 432 602 515 97 633 364 729 509 381 547 423 76 704 378 424 120 93 278 121 291 356 184 417 15 397 598 470 473 438 732 745 616 310 656 264 300 607 602 605 194 518 705 163 313 649 
699 181 361 628 433 571 112 528 360 92 717 741 575 649 65 434 203 453 592 94 144 229 201 542 85 732 331 15 115 0 71 485 215 421 153 84 204 573 531 326 269 686 329 454 528 81 603 432 216 418 284 724 682 60 227 371 406 364 272 241 206 91 248 747 676 570 471 606 310 630 326 78 547 695 245 437 461 19 699 495 2 689 288 300 413 22 271 67 262 11 507 650 718 356 692 510 529 267 319 749 
584 255 275 385 545 335 282 250 368 313 740 213 221 728 606 314 4 481 215 164 65 342 645 621 737 62 540 161 628 350 125 206 332 612 395 677 236 553 594 595 342 167 62 713 426 499 74 679 740 117 209 204 441 46 400 442 611 77 364 74 28 605 186 44 745 665 688 87 558 208 219 78 286 95 5 633 149 646 397 667 144 192 625 695 159 459 620 274 729 101 540 378 188 52 618 559 520 742 391 325 
646 164 32 179 612 483 681 151 69 529 152 224 106 568 85 511 397 416 8 203 597 167 629 31 536 177 475 596 417 471 516 374 25 462 81 573 330 28 169 183 555 10 321 204 542 690 200 711 295 701 135 704 462 637 230 230 371 664 362 713 259 613 39 189 167 146 462 519 745 9 286 471 409 613 202 350 145 332 315 717 425 582 427 626 149 244 145 427 11 146 520 359 142 476 175 283 740 672 444 9 
205 308 584 232 608 329 463 510 704 585 50 634 534 525 694 10 565 249 695 633 345 237 599 586 33 218 160 463 73 248 382 348 618 618 655 220 326 130 428 281 535 444 453 664 531 408 619 503 354 278 687 385 278 2 61 176 633 329 430 291 403 12 269 522 708 269 541 252 630 689 736 291 303 161 651 249 536 665 504 677 566 578 416 706 91 222 260 727 496 131 710 66 201 336 428 709 222 601 269 595 
31 645 452 165 429 610 452 82 547 339 467 11 685 406 680 413 44 623 684 536 699 546 427 416 577 541 362 673 507 108 140 577 255 582 474 98 397 511 400 440 310 526 86 107 113 671 244 614 275 687 639 535 401 346 262 226 92 161 136 334 183 98 440 88 421 322 302 495 22 652 328 315 194 469 200 709 728 596 398 672 383 54 571 548 302 313 414 386 461 449 435 61 687 426 173 734 324 364 341 135 
143 418 521 11 33 663 361 500 235 489 164 458 647 602 97 559 632 169 556 327 100 338 370 322 494 348 347 183 206 441 582 435 662 508 268 571 571 262 165 523 421 237 517 401 522 154 614 187 735 665 575 738 582 528 81 246 146 669 224 74 238 505 654 722 80 742 109 597 231 194 635 242 347 60 739 688 374 268 445 197 462 631 398 99 463 617 382 618 512 44 551 123 749 435 285 712 118 233 340 696 
648 563 590 263 387 278 330 278 266 700 496 524 227 732 404 163 424 470 225 364 720 171 331 551 33 613 111 46 114 731 441 483 332 425 562 83 210 561 739 138 705 153 561 749 256 519 261 190 89 632 109 302 229 656 516 354 294 601 300 720 200 50 446 649 257 85 609 106 562 107 226 525 341 317 71 88 588 336 319 233 515 599 691 422 558 397 598 304 665 177 244 676 553 550 611 89 576 242 198 375 
220 286 729 240 520 560 7 631 35 113 218 100 717 598 15 356 271 360 54 692 437 85 369 723 410 477 424 42 387 136 165 342 535 728 247 321 553 518 292 181 512 109 565 622 571 323 441 359 745 161 314 303 153 535 503 334 554 660 111 701 160 434 466 369 657 413 460 579 605 456 661 626 686 451 223 424 218 148 503 92 398 680 594 263 691 685 115 349 595 239 404 568 119 234 640 167 295 207 551 405 
361 676 261 547 77 101 58 653 139 199 568 645 697 412 99 420 434 427 220 554 655 707 54 436 591 636 153 415 417 505 496 622 359 660 69 649 210 314 636 196 331 300 357 493 201 721 733 147 633 334 260 90 720 139 744 106 673 188 15 391 644 67 199 419 605 339 700 293 460 714 313 748 666 437 497 470 232 17 689 126 44 210 293 41 532 457 681 115 547 136 181 283 299 471 589 185 281 607 623 732 
244 507 144 12 712 634 445 120 189 42 631 508 526 311 714 94 167 633 75 580 149 211 653 438 304 159 330 639 745 614 426 144 6 731 709 232 716 327 52 591 35 156 223 274 171 355 55 382 725 21 103 622 555 71 88 324 412 623 89 469 519 650 103 560 288 506 88 407 101 437 17 187 239 515 618 641 232 280 700 622 634 275 717 388 517 629 16 84 132 738 236 190 587 11 446 188 409 320 46 44 
469 312 445 143 387 161 472 102 620 236 170 745 388 146 65 12 506 246 47 21 54 639 195 306 591 456 152 395 248 190 423 708 119 555 741 61 573 665 391 708 711 307 359 552 4 504 88 187 629 442 468 540 63 386 593 614 105 442 559 169 480 748 472 490 508 199 1 686 472 749 38 232 41 558 491 468 63 478 176 149 462 529 113 10 371 314 542 666 646 609 335 155 375 247 470 467 22 741 369 669 
319 398 278 524 93 521 413 379 724 622 509 623 201 727 740 366 203 109 408 287 375 132 503 176 179 450 216 260 494 144 163 320 626 733 462 653 491 694 645 506 173 265 449 357 547 726 690 7 144 307 78 328 433 81 508 158 288 39 474 513 683 108 284 109 218 722 442 249 607 5 22 248 158 105 147 390 569 197 195 721 24 508 124 699 104 242 132 183 568 460 210 411 27 242 523 606 498 597 344 200 
155 366 484 142 740 136 206 19 73 474 335 649 518 180 404 547 618 153 237 264 5 24 218 111 607 657 254 577 146 277 228 163 614 155 141 653 290 739 286 314 468 678 563 164 329 105 247 276 366 32 630 49 341 660 239 382 502 647 507 679 423 655 708 361 570 680 440 616 457 606 729 654 433 559 200 437 505 129 3 620 201 313 415 561 414 78 464 661 434 5 164 689 96 67 315 482 610 1 679 240 
712 151 617 340 497 744 328 238 194 19 18 576 311 588 718 316 724 25 579 510 197 541 554 431 713 678 213 698 384 73 208 531 480 119 540 137 87 196 494 508 137 204 335 27 675 132 338 606 551 604 32 212 77 427 347 713 189 43 300 303 393 590 418 294 514 323 553 557 508 259 74 3 297 287 344 690 358 67 407 452 614 21 482 701 8 323 603 368 186 187 97 663 575 549 688 325 39 271 56 396 
294 480 135 200 457 60 379 292 586 169 271 722 500 258 602 593 565 176 675 117 219 26 132 189 563 242 498 673 684 437 282 625 46 741 229 81 380 746 643 235 383 83 11 539 189 49 721 680 637 33 601 435 246 659 748 506 35 344 299 109 29 529 604 71 689 735 698 633 687 603 408 60 83 711 501 623 107 308 4 125 422 270 687 627 389 401 715 341 446 595 62 445 365 185 728 717 429 24 316 172 
246 251 598 681 581 113 293 130 609 147 717 732 630 98 246 216 696 30 115 545 114 317 729 16 108 527 52 724 281 466 146 467 571 112 510 458 281 659 232 40 708 448 550 714 103 560 540 37 391 25 403 448 638 200 510 664 139 357 736 605 324 555 203 382 334 23 292 100 453 323 111 109 383 238 527 691 153 547 388 161 416 617 189 697 369 462 86 524 515 248 418 569 446 331 24 268 437 37 194 480 
393 353 230 82 288 25 273 172 694 32 44 704 317 697 149 134 297 207 123 254 705 646 247 695 298 684 396 234 678 421 390 660 710 423 175 494 205 304 553 558 699 305 262 87 656 408 132 474 417 604 59 35 389 307 84 704 659 587 312 198 548 158 351 40 38 482 217 192 414 518 502 174 169 39 571 420 373 290 555 357 537 669 299 556 625 109 587 474 285 92 533 297 450 182 456 197 107 580 148 724 
85 37 103 219 183 204 717 443 584 686 490 312 510 217 487 529 201 222 320 558 45 622 538 533 249 140 203 614 677 349 728 733 570 5 715 30 365 602 432 329 599 316 93 742 517 717 535 725 81 688 198 633 335 646 598 93 721 646 174 417 567 271 221 66 433 457 331 140 384 153 469 63 696 420 140 243 34 163 576 636 357 91 27 14 96 462 683 223 35 280 124 617 660 410 162 396 360 198 278 667 
236 73 534 421 506 150 580 746 82 403 496 83 118 174 175 426 615 8 749 192 375 552 377 371 148 644 56 672 41 448 541 440 198 696 369 666 394 428 145 413 510 149 166 374 347 415 187 232 688 15 41 295 286 474 373 24 236 719 607 62 251 676 170 644 121 670 169 104 132 320 487 743 176 645 196 322 221 507 459 491 710 46 739 349 485 256 461 263 489 195 595 79 303 50 389 370 655 243 400 48 
692 662 131 392 55 518 714 338 60 76 221 347 313 285 559 679 694 38 573 482 3 464 232 439 596 436 505 137 241 513 245 120 204 202 185 423 128 460 51 15 399 747 126 369 268 209 438 669 738 231 511 413 165 537 1 437 12 166 448 48 133 143 144 447 475 441 126 327 189 513 41 26 716 558 127 536 580 664 548 672 657 137 464 1 675 736 87 105 593 38 246 188 416 607 287 396 295 557 108 679 
594 533 308 567 135 68 618 697 375 60 350 388 652 81 207 276 296 451 483 266 560 316 604 227 699 19 103 411 292 465 561 250 530 708 639 89 474 745 541 629 498 657 222 202 386 318 421 693 369 436 592 287 596 212 24 742 636 53 220 173 95 528 110 449 208 112 113 318 478 294 262 497 448 315 346 362 665 48 617 635 208 281 149 503 510 655 681 737 212 701 92 156 241 572 195 595 117 347 45 23 
89 617 481 108 176 458 375 299 260 477 182 105 548 422 317 311 322 537 69 589 204 320 86 591 214 125 393 110 610 633 0 210 623 601 35 175 536 74 697 60 582 488 155 480 326 77 513 649 734 701 334 600 452 367 611 250 123 428 672 127 67 4 749 426 147 560 579 303 354 38 472 661 489 680 641 579 78 347 660 424 124 474 209 426 609 562 43 428 574 224 580 385 662 363 99 30 118 46 227 254 
341 518 291 623 554 371 403 595 152 416 434 372 546 378 600 683 601 544 494 678 320 153 288 29 632 424 343 331 190 555 373 179 160 53 556 296 472 74 37 646 423 550 711 469 236 637 211 310 171 231 366 307 286 86 354 614 42 736 708 718 410 53 548 621 145 746 615 19 153 287 527 203 113 597 388 210 588 188 151 703 136 677 475 220 580 397 688 333 216 680 746 335 573 237 210 315 335 529 91 404 
417 456 477 683 450 219 369 638 726 202 419 650 612 214 462 272 21 122 87 21 327 20 459 99 581 198 593 66 401 206 323 604 49 243 610 605 514 214 504 296 402 51 312 545 256 560 652 362 72 13 167 438 572 16 67 453 550 568 376 657 5 105 389 280 706 508 485 434 640 676 686 25 329 302 548 7 21 479 141 430 390 56 214 715 211 115 115 612 293 406 303 727 640 712 385 115 279 595 566 505 
512 531 507 185 632 239 449 210 205 103 493 403 561 685 369 661 567 274 278 67 14 720 6 54 145 306 629 86 48 528 669 563 91 591 349 376 380 112 477 56 118 647 543 306 331 301 355 187 5 321 324 313 361 484 486 127 332 267 207 157 12 548 712 223 648 447 525 528 71 155 156 51 380 137 615 96 411 518 54 631 221 181 185 407 182 156 366 237 629 289 157 101 324 645 18 296 36 537 408 268 
363 246 437 108 207 453 729 292 170 115 196 259 187 58 351 142 500 124 620 403 741 166 291 716 320 224 497 196 595 189 52 592 111 69 586 299 77 571 716 703 174 159 403 669 420 310 262 105 713 242 592 0 701 542 636 540 11 692 175 530 553 737 301 178 114 167 257 105 46 267 338 664 632 376 109 673 33 591 611 638 488 117 14 345 70 375 509 398 605 615 701 511 143 387 199 50 64 136 10 610 
444 449 147 479 465 480 174 170 435 655 347 160 114 497 452 93 237 223 661 413 471 565 360 258 394 210 562 183 100 201 220 573 435 575 162 547 23 111 294 20 541 588 368 26 42 153 627 591 386 458 614 458 672 291 542 336 181 55 691 417 55 625 385 181 493 718 158 738 567 397 31 436 633 59 630 185 470 268 578 578 495 338 161 168 700 44 717 144 156 160 625 527 674 330 387 705 98 247 128 216 
52 429 89 291 1 334 270 344 724 42 267 164 587 668 12 483 207 8 51 509 34 574 156 97 145 708 212 398 618 652 565 664 630 265 520 114 516 246 200 714 574 573 740 420 549 564 449 83 42 580 4 165 322 179 44 20 52 363 4 561 640 2 740 295 577 125 213 594 109 228 332 282 466 226 662 737 259 282 189 691 748 124 176 717 358 439 570 143 226 137 470 745 351 449 370 359 634 499 515 504 
738 292 281 326 28 528 71 198 444 638 470 321 494 452 557 466 738 436 504 639 88 49 687 318 498 209 194 78 254 307 520 617 192 322 450 147 313 743 371 296 87 302 266 724 197 360 485 297 425 280 330 689 75 334 640 359 605 134 421 503 266 185 46 23 52 709 195 72 340 348 71 376 2 236 37 463 417 74 154 41 388 235 289 496 499 464 415 35 526 372 263 190 211 235 462 505 212 498 641 646 
500 537 85 747 584 524 514 569 142 554 660 667 428 611 375 539 619 588 432 455 392 654 418 450 23 25 292 201 610 569 649 30 131 702 161 553 252 597 112 385 539 494 668 536 619 551 335 302 370 322 284 120 430 576 356 387 368 321 644 694 479 577 50 585 53 683 148 131 238 683 53 45 219 483 497 416 387 45 369 578 134 16 133 169 626 301 228 131 287 605 14 206 131 332 214 216 675 536 571 441 
550 359 509 420 723 109 571 714 414 168 713 650 685 700 525 401 547 324 745 313 301 58 517 63 670 440 478 386 654 587 270 585 313 341 656 174 517 447 198 496 728 77 38 591 12 156 147 486 552 255 67 630 342 610 622 69 534 625 632 12 77 520 205 336 140 584 405 729 713 484 5 201 369 294 54 0 12 79 269 537 581 736 376 244 503 89 167 83 398 139 270 356 403 57 742 381 744 449 173 544 
671 456 310 193 723 123 725 480 547 413 530 22 101 541 554 147 571 107 646 457 55 406 707 417 592 119 331 6 630 376 130 608 605 533 729 243 218 233 214 446 372 53 728 354 639 280 504 52 30 424 83 613 321 592 243 220 228 54 291 675 366 622 146 392 483 115 283 228 562 643 191 31 650 74 705 281 535 374 636 517 257 549 229 651 96 17 164 294 92 698 81 493 278 275 363 219 662 36 580 236 
559 439 344 448 46 318 748 262 424 595 74 533 73 439 350 592 286 298 528 748 427 617 243 722 327 23 677 341 161 647 148 172 37 536 296 415 614 43 727 112 1 297 181 171 14 270 150 335 394 435 342 409 601 275 207 13 462 655 451 358 461 676 334 672 372 218 227 137 304 219 96 321 274 147 340 292 491 663 419 163 486 691 387 398 197 170 22 177 445 521 536 610 722 157 622 459 35 315 534 381 
563 72 482 268 277 451 155 479 626 206 87 291 618 501 679 377 224 216 360 181 137 557 554 724 265 500 365 199 25 25 335 686 232 487 98 705 643 576 480 124 456 471 147 51 713 557 470 227 352 540 491 80 423 63 345 320 354 617 3 429 632 610 516 117 560 316 545 347 261 687 658 106 226 192 534 667 503 441 265 676 465 504 308 657 215 121 252 326 168 154 646 578 231 664 684 726 529 180 5 494 
370 582 17 133 578 623 251 576 465 64 40 192 90 149 323 319 24 464 375 444 76 419 741 749 467 149 717 624 264 579 568 121 232 626 407 652 347 180 420 282 186 366 557 226 698 253 168 576 171 354 510 362 148 686 336 169 320 574 710 447 565 30 160 95 194 301 378 365 547 264 301 732 516 708 263 313 458 307 612 149 218 188 728 333 611 499 616 240 79 313 515 588 433 499 91 172 355 118 19 551 
621 471 523 265 668 732 644 489 179 483 742 632 111 412 103 129 353 29 389 503 78 325 484 213 291 132 44 551 167 453 103 461 688 152 34 608 597 695 404 316 653 706 32 493 305 69 176 495 727 232 579 372 410 633 154 261 495 346 553 268 623 54 692 136 565 34 470 416 354 151 482 613 296 310 362 139 547 553 513 20 476 212 715 689 50 607 655 215 576 699 522 304 511 425 334 411 226 415 54 465 
267 22 592 740 739 634 196 373 684 72 608 514 344 89 195 199 732 471 513 62 226 272 743 529 450 746 563 376 327 437 574 420 244 580 662 330 539 232 350 597 605 684 284 599 664 149 537 7 253 492 543 65 102 326 91 684 64 703 130 144 700 312 278 105 470 126 377 274 664 303 527 659 708 280 277 149 17 426 129 674 202 573 49 528 37 317 82 670 348 604 311 336 407 132 229 21 708 112 388 521 
279 581 302 48 739 312 613 64 377 656 228 335 17 666 567 242 257 438 80 80 317 622 632 631 120 256 94 540 535 539 121 492 725 502 619 660 25 371 553 251 415 734 463 100 626 70 390 59 453 116 589 577 249 459 322 466 722 688 213 173 33 240 484 684 272 410 506 744 363 94 329 658 228 362 564 667 574 203 278 71 474 438 485 52 53 203 380 532 26 719 456 359 136 395 124 84 119 405 646 495 
703 197 441 524 592 618 131 180 180 743 512 175 384 457 475 252 666 220 62 582 271 555 153 158 88 37 673 202 409 50 327 496 450 286 110 345 711 600 133 400 41 22 612 30 640 481 154 313 531 280 52 123 625 615 699 54 389 263 517 339 178 338 203 454 659 473 327 375 236 550 430 251 618 686 312 545 125 745 489 278 726 199 614 670 702 553 130 640 373 250 278 71 409 517 51 0 126 278 286 155 
190 748 462 27 399 695 371 713 187 433 584 118 69 357 672 29 509 704 44 698 452 25 331 463 47 226 499 425 228 532 199 256 366 136 60 234 398 645 265 206 317 499 341 424 477 538 460 29 33 634 2 385 44 700 4 657 680 411 313 123 366 612 35 250 661 640 656 444 460 429 723 62 217 273 103 447 391 55 664 525 637 360 594 14 401 484 447 15 592 394 92 181 558 52 730 271 669 366 552 446 
526 37 731 559 504 105 550 58 315 336 452 376 145 632 315 576 334 633 208 707 710 749 361 577 63 161 206 210 198 405 455 646 10 544 471 458 217 561 728 556 566 608 536 735 63 113 533 396 200 539 645 682 209 248 192 645 485 385 639 695 199 329 372 111 675 357 686 353 578 119 306 396 3 716 574 27 323 733 464 495 398 390 331 122 390 129 81 158 191 216 208 663 567 108 2 28 344 462 318 360 
20 527 554 158 66 602 730 185 265 88 233 32 158 474 75 522 229 115 626 553 408 228 313 595 376 496 589 530 403 449 27 297 601 695 129 343 454 258 406 701 197 254 12 58 486 429 442 363 189 320 509 366 394 631 372 440 361 163 535 352 497 5 280 595 94 268 561 61 730 59 255 18 67 527 128 281 469 457 250 705 601 667 585 79 430 181 256 709 487 9 596 639 599 595 729 638 698 86 710 596 
448 140 684 194 35 647 317 48 736 110 267 348 515 437 27 279 378 217 624 685 594 118 412 728 31 609 544 139 41 227 345 157 11 561 302 508 425 342 359 134 229 23 318 94 638 214 645 728 431 443 106 159 218 323 478 526 588 676 384 530 412 695 86 59 614 157 7 512 504 17 425 148 417 410 395 39 106 462 137 595 538 612 314 463 92 620 408 669 179 598 428 338 330 500 655 42 265 632 397 31 
683 294 91 663 615 320 62 322 2 180 516 655 747 577 367 434 358 293 436 628 508 687 272 276 671 310 679 467 248 736 91 434 85 511 249 622 648 170 32 318 584 29 722 393 633 56 119 452 620 234 380 319 555 659 584 401 44 317 335 354 446 355 696 595 12 508 446 628 436 653 593 482 25 657 25 150 563 317 678 137 592 391 731 514 149 508 236 10 734 354 10 150 498 171 287 179 427 1 566 405 
179 598 0 452 456 389 568 655 485 475 370 414 21 124 584 174 143 96 100 690 687 239 136 691 375 734 726 108 4 244 127 352 404 151 479 247 655 303 613 83 160 727 274 238 725 741 349 620 454 135 518 36 28 60 35 148 608 391 577 80 63 403 20 509 184 305 24 54 361 139 310 462 373 105 475 565 523 70 128 380 290 634 606 416 307 13 401 192 41 122 178 62 118 146 486 326 366 135 82 672 
457 425 374 227 740 506 293 377 160 83 589 284 175 199 731 721 61 100 526 61 276 206 313 586 128 54 657 388 628 33 407 122 20 297 178 508 404 124 534 663 257 487 19 679 211 307 210 404 177 717 93 185 246 504 310 384 445 225 227 408 461 488 453 734 592 197 232 523 103 21 258 489 200 738 614 693 256 463 366 636 261 512 154 121 480 510 461 16 367 404 604 538 665 590 641 39 589 729 112 393 
