258 367 115 304 322 458 447 425 144 286 439 442 112 39 411 320 211 645 709 75 297 169 279 175 56 443 330 440 325 318 682 173 405 33 208 282 466 214 664 527 164 534 314 303 274 170 406 688 464 736 468 484 0 190 549 3 212 151 42 264 452 237 358 620 69 703 474 480 646 210 445 407 432 662 358 594 93 437 420 189 567 722 668 245 610 329 747 416 101 705 541 155 57 83 393 555 531 38 708 399 
619 24 588 433 191 117 436 270 174 184 629 194 433 333 669 701 516 388 427 157 717 217 622 560 515 574 642 251 110 13 353 512 125 664 438 669 512 696 115 287 65 186 618 162 256 327 335 470 58 617 281 325 389 652 105 181 301 575 365 655 174 688 392 64 564 122 249 70 725 31 215 377 514 217 304 744 93 63 265 463 197 732 352 211 20 557 578 65 645 202 423 624 632 488 58 362 33 70 659 694 
258 297 274 547 177 734 745 215 510 497 296 596 378 147 91 712 508 540 333 445 398 20 50 617 225 135 540 449 19 432 107 542 548 74 620 95 119 160 615 525 386 153 250 308 435 742 264 168 650 330 180 613 126 575 364 271 504 737 63 680 493 544 241 25 414 470 298 324 638 363 193 495 428 419 453 582 653 113 293 22 448 738 632 420 556 97 570 129 65 680 302 129 548 12 507 174 631 211 305 45 
406 199 609 374 352 251 467 655 257 573 684 144 3 601 740 170 609 28 492 376 262 236 438 447 242 105 220 162 106 605 463 127 328 468 667 513 723 201 126 272 369 380 366 278 494 696 526 264 349 298 109 318 584 473 673 43 311 573 354 69 505 293 526 215 430 458 254 209 130 121 695 255 72 493 50 607 377 295 744 572 573 13 719 454 276 78 677 312 670 350 481 418 306 495 2 172 207 134 344 648 
261 478 481 145 628 123 656 442 402 553 173 255 218 517 22 407 647 549 337 729 642 136 510 283 336 748 402 191 344 427 563 119 544 108 258 277 692 426 152 460 150 190 59 482 686 599 555 188 565 255 333 5 283 279 273 506 660 743 458 220 655 237 178 642 274 375 322 276 631 474 412 288 744 44 134 498 21 247 278 718 446 93 291 645 738 643 167 706 460 446 670 480 701 695 3 306 235 493 668 506 
741 356 411 170 121 481 633 520 464 469 431 592 748 75 112 409 186 276 748 256 409 159 545 717 669 95 311 643 93 526 584 393 728 609 497 510 242 521 48 55 432 649 213 529 525 85 432 98 663 171 652 359 294 48 503 435 440 233 390 574 26 638 36 615 745 489 366 604 399 212 85 618 290 209 606 369 611 50 372 270 151 324 406 132 411 97 307 675 342 121 484 162 485 289 301 340 640 161 623 651 
214 738 707 15 561 465 548 395 614 229 542 259 79 142 406 631 637 154 637 276 113 433 138 608 288 539 105 333 651 61 188 264 50 329 362 593 197 521 242 13 238 2 552 704 534 287 399 250 659 117 191 310 402 95 320 559 262 67 178 596 716 555 154 422 134 547 19 189 328 107 617 57 503 60 1 220 319 598 5 310 441 731 192 393 106 732 313 265 580 363 485 368 466 725 683 18 453 341 350 430 
49 206 117 710 452 677 491 227 359 667 728 271 278 592 294 648 248 200 309 365 192 716 747 717 676 387 71 348 339 435 277 683 345 50 392 123 674 209 91 403 580 249 659 268 506 592 422 489 508 270 366 211 343 569 670 219 600 37 5 100 386 443 497 409 398 250 144 10 586 398 145 469 496 348 294 310 10 277 26 353 320 215 593 706 588 158 696 719 120 387 487 603 534 21 656 41 301 705 709 49 
168 496 193 365 408 401 695 562 249 221 734 435 722 503 326 18 581 573 271 306 80 116 692 629 247 197 153 285 359 206 63 309 426 141 336 644 203 60 597 81 713 348 467 220 250 322 163 346 199 465 558 160 501 134 132 267 73 310 162 388 288 64 36 212 447 285 606 63 501 462 54 563 469 164 363 219 550 55 394 121 219 85 513 415 65 17 435 338 83 263 571 104 715 23 75 141 342 248 557 419 
583 421 22 397 647 544 564 179 15 301 142 645 141 305 288 34 668 589 102 497 162 116 739 731 229 40 479 584 321 665 711 35 174 7 62 559 636 674 447 177 432 146 652 377 314 540 542 449 617 126 271 613 5 204 64 318 348 520 437 689 353 714 361 506 142 198 354 739 671 539 127 277 746 335 270 131 611 20 419 651 109 116 395 371 620 213 644 480 733 123 739 508 503 248 520 471 356 460 429 208 
282 278 223 584 635 616 498 184 254 379 84 425 592 481 604 420 59 679 116 279 274 668 312 717 596 380 222 56 39 240 727 419 26 73 354 443 170 203 172 684 241 297 387 6 156 142 608 298 687 220 552 375 508 209 670 187 552 588 451 696 129 647 232 495 324 728 595 507 97 722 15 150 115 286 482 245 570 718 508 396 643 268 78 667 644 16 711 659 571 454 213 65 743 295 623 187 88 322 307 205 
631 319 104 547 729 440 494 193 298 529 220 337 184 105 505 577 110 307 706 516 662 353 749 380 424 493 162 613 347 320 51 220 123 302 385 710 36 721 15 213 444 126 620 542 537 613 683 318 223 17 45 316 416 529 288 149 126 749 212 337 618 272 430 243 375 231 674 616 708 156 408 423 80 741 614 664 314 239 661 92 265 544 238 202 680 575 330 350 35 37 45 46 749 289 246 291 632 347 657 167 
555 351 25 232 221 590 13 690 135 527 531 431 661 505 361 67 382 365 57 555 730 83 13 352 687 583 537 371 532 122 639 636 143 247 432 539 26 355 232 71 201 589 313 64 30 696 681 602 281 388 191 43 698 239 341 470 134 198 649 245 160 461 280 224 598 153 238 551 597 416 73 611 469 669 70 72 207 166 301 462 373 20 457 666 142 413 141 61 341 10 91 234 563 3 606 520 380 653 519 501 
718 102 458 521 13 311 600 19 130 659 157 423 293 361 515 517 172 158 359 156 633 13 665 649 413 600 552 218 473 7 551 376 81 741 393 421 434 137 437 727 509 335 127 668 642 469 61 729 616 508 364 678 152 479 405 627 329 574 599 476 403 214 685 671 609 308 253 54 375 355 582 61 139 157 137 271 392 145 48 460 192 698 326 725 331 566 48 277 392 656 173 70 316 659 689 190 350 334 339 588 
542 56 578 195 335 214 268 483 56 323 609 126 545 465 567 534 398 228 655 730 94 347 476 186 578 80 367 260 48 205 249 349 471 109 649 4 266 350 188 408 192 22 188 413 535 687 532 733 144 556 686 447 70 581 673 615 669 26 262 179 662 99 487 15 207 504 595 425 584 622 235 57 135 556 157 87 682 34 517 92 438 666 655 358 185 255 494 377 117 361 384 92 23 352 677 195 410 292 612 703 
84 500 48 637 352 394 200 99 166 567 455 302 409 64 315 684 465 501 289 41 223 67 264 363 445 306 258 151 460 643 472 19 255 242 688 690 33 12 679 744 632 349 616 682 263 316 618 654 346 595 510 675 370 708 404 415 366 498 614 287 125 523 628 417 551 500 553 701 717 44 498 575 134 376 672 471 254 556 306 55 747 369 32 685 500 430 306 411 457 645 691 649 196 266 307 178 14 410 157 278 
467 649 513 614 170 643 114 286 731 300 356 682 209 281 30 362 318 479 211 555 47 451 576 168 241 539 221 572 723 592 405 456 213 640 580 246 384 558 374 379 535 614 698 334 721 309 102 215 657 129 631 574 127 351 689 474 677 320 318 198 129 328 53 641 358 93 599 60 399 549 163 698 103 411 316 604 733 361 180 566 327 77 277 238 168 193 391 531 695 708 299 410 345 670 727 628 187 217 630 453 
0 170 369 314 667 437 611 357 74 562 66 451 251 27 99 288 498 95 76 265 568 597 604 67 463 582 405 658 708 536 26 80 112 281 246 419 736 38 541 234 49 732 699 279 129 72 101 292 677 569 58 687 92 18 673 322 721 745 452 556 313 674 374 119 375 404 653 166 183 105 32 113 342 214 123 616 456 119 222 323 194 148 6 485 379 27 399 350 301 89 87 129 385 355 250 289 125 509 532 28 
140 186 263 717 616 709 230 399 37 172 154 212 714 524 440 524 619 570 232 584 561 710 184 500 671 331 230 66 359 550 249 688 51 337 615 455 695 489 303 743 26 53 325 581 28 662 17 40 276 654 554 230 541 702 165 470 678 240 129 702 500 180 271 453 673 248 276 598 332 706 476 669 68 199 452 306 692 670 499 390 648 368 518 321 707 575 126 265 473 52 729 718 132 301 652 555 555 694 98 389 
706 11 288 572 422 343 187 96 640 409 282 145 538 654 15 326 183 588 32 732 686 301 84 183 322 713 98 79 77 531 509 325 157 503 364 485 70 321 200 589 500 703 349 460 349 15 190 40 329 466 648 110 259 640 501 648 509 214 420 519 128 162 368 251 7 0 681 137 396 584 400 504 76 60 338 168 294 573 670 52 644 99 698 312 429 15 472 480 347 304 530 65 711 373 309 695 703 515 101 342 
7 362 448 100 604 718 738 508 345 746 556 419 39 394 454 125 743 11 311 47 169 213 245 6 89 35 198 262 422 64 126 625 374 539 458 376 246 117 643 111 573 87 717 260 173 689 344 742 561 241 499 743 466 605 701 295 84 601 354 601 217 57 576 385 246 27 348 353 90 178 513 479 340 681 740 698 44 20 380 284 270 184 574 719 444 625 704 519 602 567 671 579 371 674 441 391 664 88 490 596 
406 503 681 325 39 493 254 132 650 407 729 207 67 169 5 185 684 99 147 429 323 551 224 607 60 525 31 358 0 352 488 674 407 678 135 200 155 306 319 2 150 568 394 678 248 342 554 606 247 622 524 447 737 286 94 386 406 454 326 621 420 495 453 432 736 736 679 61 704 484 17 521 379 705 265 238 350 428 679 205 605 668 716 351 150 534 598 125 210 485 107 407 385 62 16 274 694 179 5 311 
529 741 434 624 334 201 584 66 6 252 381 13 676 246 745 78 659 192 304 73 449 108 327 367 184 141 243 73 261 454 406 705 482 606 105 608 206 670 480 1 162 206 628 301 3 46 213 240 193 688 304 470 530 66 26 276 383 191 504 495 381 512 297 640 532 455 607 706 401 427 169 270 22 315 356 631 127 225 327 570 187 83 356 611 535 279 128 584 611 521 336 518 141 213 266 706 636 18 734 727 
449 253 19 510 621 651 40 88 501 117 485 443 443 521 23 302 246 601 680 112 75 215 351 318 340 154 431 614 618 567 534 238 327 624 503 514 322 350 607 514 217 79 365 426 3 442 586 603 353 402 562 91 509 247 111 169 671 397 316 466 61 14 273 578 456 504 177 467 16 434 256 562 85 111 86 674 258 173 314 651 490 486 542 408 460 420 145 334 520 185 350 291 144 581 720 131 436 569 520 425 
403 240 400 604 91 252 50 53 159 602 515 555 455 369 275 592 17 351 274 598 241 528 494 221 305 558 669 496 27 161 348 137 214 184 480 357 147 414 115 14 667 184 410 465 490 19 271 560 118 510 305 504 292 583 400 82 313 350 342 373 418 621 361 208 290 267 151 224 329 33 708 203 588 241 13 54 245 135 620 389 710 196 724 672 129 527 572 320 728 409 522 698 529 507 328 185 485 590 554 471 
175 257 625 426 508 178 588 538 338 365 589 313 568 541 613 441 354 179 348 562 713 591 190 144 134 556 691 471 694 601 104 315 363 150 31 70 591 711 620 354 44 573 10 437 244 295 202 694 513 146 721 534 397 280 334 714 493 510 494 643 679 548 433 516 57 257 464 472 525 178 311 516 300 321 602 562 620 218 507 336 310 682 539 640 298 460 424 184 255 270 382 438 711 25 677 663 25 125 96 639 
100 477 421 293 5 137 493 73 373 10 284 48 417 58 248 693 689 197 669 299 303 240 641 446 353 748 708 278 33 680 436 152 362 92 142 730 701 301 105 533 526 113 289 33 395 690 453 145 675 157 567 133 641 5 387 200 17 207 383 710 243 401 612 67 667 604 205 376 680 219 19 197 76 605 748 538 485 14 74 569 384 70 530 249 224 399 163 374 623 32 583 584 742 644 139 278 473 408 293 74 
73 85 685 658 365 629 143 529 158 414 436 234 46 53 546 269 465 171 558 15 422 164 620 529 333 35 655 374 493 538 592 190 491 23 405 666 587 693 689 49 28 454 719 512 397 498 16 34 174 303 588 577 476 127 364 468 690 130 610 565 272 53 292 95 242 606 350 164 156 372 373 399 119 182 719 218 251 400 633 465 336 494 117 208 389 63 653 310 474 451 399 468 379 649 69 471 509 656 581 414 
600 323 116 384 438 380 623 522 720 354 325 220 133 656 97 622 331 160 60 295 232 504 0 92 214 32 352 489 205 661 224 177 727 264 128 353 114 492 433 271 244 302 6 248 176 403 132 0 745 188 147 360 730 476 475 352 721 98 58 343 136 107 347 513 137 71 372 177 742 696 74 719 19 236 576 505 20 543 680 140 674 303 208 311 641 535 41 73 175 253 54 268 55 664 48 211 544 127 746 235 
92 637 40 223 361 245 438 8 595 372 571 0 184 707 98 118 299 550 20 201 125 3 29 543 159 232 135 416 138 219 202 715 598 173 745 586 74 518 2 475 332 148 520 430 657 202 299 132 21 88 386 107 434 455 74 398 56 395 713 412 723 647 395 292 406 364 404 481 76 597 356 487 534 63 308 701 517 405 404 640 746 197 414 535 488 45 370 658 33 236 27 158 395 130 483 166 302 232 673 241 
297 299 667 347 237 290 624 426 16 548 404 523 396 127 52 139 61 312 744 637 71 37 691 522 12 148 128 80 22 1 255 587 476 578 32 112 83 469 526 174 204 431 98 616 518 377 563 726 647 591 83 674 544 10 689 227 295 317 192 50 496 393 30 668 684 470 73 169 465 688 156 392 155 700 482 349 621 572 655 517 318 314 491 167 308 119 125 689 225 67 594 598 562 278 458 254 516 325 144 141 
434 501 329 412 307 319 576 121 661 378 580 81 248 53 308 233 112 26 186 427 146 660 205 268 490 293 372 254 648 593 570 677 703 660 410 244 574 366 370 375 469 138 749 669 99 137 395 533 631 73 485 656 629 458 131 419 475 256 492 5 532 324 447 449 179 633 669 521 270 237 355 558 373 644 406 453 611 531 48 536 274 122 218 443 605 405 250 375 410 719 604 732 469 115 125 420 180 390 264 533 
661 407 258 447 62 190 682 479 608 35 385 165 554 429 183 51 36 46 658 254 346 664 186 534 748 428 636 43 506 295 419 477 169 469 80 37 701 0 99 166 169 492 441 188 717 20 66 596 711 701 454 735 549 325 31 202 543 42 337 597 314 697 496 424 435 297 271 349 388 246 741 126 741 382 40 610 169 102 690 637 714 97 458 234 409 98 572 401 1 604 233 351 241 712 12 369 200 666 516 194 
610 102 119 92 241 17 723 443 495 363 447 106 656 275 544 672 567 131 325 685 633 340 673 560 103 318 34 699 265 380 311 677 587 172 59 189 721 737 38 528 206 657 131 309 494 87 235 32 268 270 212 533 245 8 666 95 627 277 52 172 440 361 580 122 164 526 293 234 241 286 533 425 510 354 641 509 694 507 128 320 241 60 507 279 152 284 249 10 448 535 408 7 401 132 504 180 148 701 136 668 
736 496 649 407 483 134 458 371 356 717 471 278 620 147 120 265 324 353 144 479 17 187 226 313 49 124 155 258 675 376 544 462 613 517 359 198 652 619 111 471 38 181 707 14 82 112 321 446 266 143 15 625 634 151 530 624 174 288 284 214 690 244 108 22 190 646 733 229 98 678 342 652 445 115 553 578 439 309 535 635 481 456 744 142 254 286 87 144 462 585 744 112 737 43 12 635 596 153 91 171 
158 692 703 236 609 13 18 48 7 251 97 469 216 96 327 135 348 730 488 497 142 159 62 41 598 145 70 375 520 430 260 257 131 273 330 434 300 401 418 703 31 700 747 437 603 735 670 196 526 518 200 465 329 218 558 544 213 670 144 472 714 143 51 707 228 180 533 598 134 169 519 419 414 566 291 260 746 627 490 708 330 454 556 486 108 338 730 8 198 636 538 295 475 366 514 567 585 227 419 526 
257 561 108 293 470 293 209 744 652 608 685 80 264 291 509 411 449 141 619 274 119 595 622 641 641 484 199 376 2 105 522 579 625 96 692 713 13 491 296 138 262 346 461 457 704 227 616 190 580 99 482 277 218 515 153 678 135 447 413 424 27 522 206 586 22 447 13 608 232 251 505 547 188 360 456 332 280 680 321 506 524 35 565 442 145 577 260 481 400 304 430 296 294 620 726 11 744 336 121 397 
743 613 140 250 515 230 79 148 726 30 438 590 400 333 114 431 518 197 673 516 732 439 28 367 191 504 669 210 450 314 462 539 624 582 107 168 674 157 227 160 524 109 615 636 86 499 382 233 612 221 242 426 414 583 471 20 246 495 49 162 23 51 290 269 99 132 718 396 142 388 50 378 284 480 655 248 77 81 589 344 96 211 455 475 615 568 526 410 163 383 424 39 728 531 576 594 353 664 369 617 
687 517 416 103 310 636 697 112 338 231 459 36 405 463 133 48 474 504 680 200 614 403 279 634 357 302 547 315 483 100 93 725 143 10 446 411 600 575 517 378 469 697 220 351 313 739 737 12 265 370 709 111 178 257 682 649 728 317 397 184 261 506 509 485 653 626 518 118 566 454 511 551 579 63 317 589 594 213 597 300 252 10 321 622 596 94 607 160 8 18 360 584 142 237 373 285 424 475 242 613 
63 183 195 60 587 474 201 611 397 61 163 541 48 67 246 467 71 568 575 200 388 272 601 566 39 521 329 727 419 248 717 279 376 120 168 227 225 194 58 496 583 407 219 3 290 15 735 671 717 243 52 126 122 491 346 25 494 91 372 262 200 221 27 250 697 321 669 509 537 301 346 653 442 610 204 75 678 465 474 284 76 665 334 20 45 188 481 114 10 432 84 219 410 535 742 490 151 308 75 294 
362 472 473 728 693 188 412 341 725 285 667 650 119 367 54 16 748 419 203 8 537 652 467 402 411 628 221 434 89 569 93 572 81 201 350 408 481 665 21 491 504 233 25 329 261 525 536 515 671 612 426 372 668 133 610 435 186 556 26 76 241 77 342 527 407 580 162 406 94 259 510 136 133 413 475 693 597 103 669 699 31 59 550 180 422 201 221 387 274 421 719 665 262 214 485 713 309 549 25 439 
321 640 566 33 525 461 469 157 629 478 197 247 355 584 478 697 551 152 609 716 227 194 83 726 540 617 395 579 641 133 381 268 323 226 195 573 153 164 173 354 541 8 284 676 733 126 619 409 414 476 10 19 442 407 671 324 356 103 227 245 747 152 336 158 226 601 251 579 71 338 492 247 497 735 413 659 300 189 564 382 618 615 686 52 93 481 525 264 649 238 577 456 534 313 17 650 317 330 247 241 
342 166 352 286 15 699 454 529 251 645 226 397 663 278 612 713 185 347 437 409 91 504 589 381 237 366 576 594 59 445 547 659 374 666 397 444 99 642 147 25 94 661 206 51 727 551 60 36 729 87 670 612 747 364 81 562 368 450 93 559 112 176 635 92 374 185 275 738 643 250 601 28 131 543 623 192 685 540 440 715 103 64 722 535 108 247 186 719 270 232 441 694 546 468 97 652 301 403 601 475 
21 411 30 308 709 641 82 212 52 317 549 121 712 45 131 577 380 51 231 439 596 512 478 98 378 235 406 162 503 100 532 166 235 262 32 42 253 653 408 528 345 116 39 745 735 305 617 716 180 119 54 455 490 640 261 736 51 337 139 301 333 121 656 416 498 371 292 299 466 94 697 44 703 441 392 453 468 5 189 116 14 493 221 207 749 581 408 5 688 116 743 423 689 140 619 552 185 540 649 54 
146 596 31 705 194 458 535 550 198 141 77 50 143 217 78 455 372 347 483 650 570 115 299 502 550 220 749 746 615 501 529 174 104 141 246 517 350 299 423 718 76 20 743 285 696 747 394 154 11 103 39 384 675 56 460 675 437 469 663 353 268 488 260 182 207 222 627 190 614 367 456 563 530 550 673 571 521 291 24 148 540 527 400 482 695 682 317 250 685 60 430 558 88 147 740 743 425 1 501 293 
587 420 614 544 14 489 73 6 123 737 693 170 450 662 107 706 429 645 741 142 170 49 391 50 662 376 19 661 483 190 394 67 603 543 233 66 81 141 632 391 455 207 10 631 6 170 226 395 174 602 565 440 352 560 351 562 21 503 1 165 669 561 354 630 639 179 533 137 308 196 43 104 609 271 192 544 501 723 19 610 102 390 401 356 197 545 161 581 394 590 730 625 102 294 183 36 80 306 125 476 
372 640 23 510 413 466 322 118 92 165 523 202 600 292 35 66 35 42 350 602 649 166 330 285 424 57 132 418 544 336 434 621 688 59 720 249 85 542 103 415 213 369 742 548 249 111 622 542 422 686 737 697 104 187 317 542 94 444 727 664 60 126 44 324 38 371 304 541 287 700 92 172 92 305 470 297 737 47 136 256 563 695 93 175 539 97 55 243 145 592 226 685 47 36 119 704 712 595 448 286 
631 607 483 535 270 546 700 392 271 49 453 267 637 118 460 584 606 302 567 297 105 721 626 668 407 69 250 43 81 79 564 732 601 144 72 42 580 729 163 263 447 283 322 291 687 89 634 338 675 392 672 99 401 401 676 554 453 269 593 243 576 238 46 634 411 158 293 98 204 588 111 131 258 326 92 719 515 571 92 262 524 456 384 125 184 52 96 96 173 89 424 650 405 337 527 233 439 679 663 540 
333 193 514 493 173 28 735 547 253 646 372 69 143 513 47 547 433 372 374 302 238 699 674 713 357 257 625 101 6 218 107 89 236 460 114 386 594 666 90 717 78 710 226 150 668 51 342 661 440 195 737 435 723 485 74 558 513 389 497 275 327 270 365 112 209 105 121 51 580 216 366 20 727 224 413 712 160 557 141 380 59 705 397 319 190 67 565 470 249 299 235 607 347 13 619 165 647 477 230 109 
102 157 126 697 501 246 123 499 414 395 614 353 689 364 284 517 590 745 382 87 22 578 199 471 154 570 99 374 719 489 410 599 610 395 338 588 225 723 372 495 97 217 318 291 253 39 618 365 571 518 636 472 331 185 506 264 515 567 672 96 621 371 329 672 200 305 285 229 73 93 143 228 341 605 451 355 291 354 568 508 674 652 340 366 220 378 222 605 390 60 327 523 184 450 445 683 644 459 159 29 
727 467 603 245 652 107 59 573 602 590 95 81 670 560 341 344 277 30 703 708 172 72 441 290 726 690 684 564 176 432 250 36 200 481 244 622 55 719 311 151 45 592 591 509 724 675 376 445 207 365 4 524 176 107 471 388 150 65 439 234 426 476 203 455 65 661 258 207 447 671 745 418 60 248 720 725 694 89 283 61 453 171 722 279 650 352 36 518 379 417 646 638 468 545 50 669 440 308 91 604 
137 142 482 610 114 354 168 221 370 132 2 241 522 300 653 475 267 227 299 201 207 688 437 279 52 341 443 395 506 609 157 690 413 506 70 352 466 249 52 208 735 97 147 693 248 723 347 151 397 583 615 669 147 616 718 132 360 250 403 314 467 318 391 421 709 642 619 465 492 586 32 209 166 475 397 534 32 240 108 358 553 520 443 25 347 94 133 749 18 353 38 459 112 250 198 438 153 341 166 86 
541 675 500 19 252 244 304 252 27 236 226 397 692 54 39 513 714 272 309 419 292 252 590 41 536 625 4 495 567 125 545 66 594 101 569 691 725 41 322 492 489 178 458 653 4 735 387 323 447 671 609 706 416 692 460 678 633 672 453 279 419 504 746 144 623 282 86 318 550 256 206 327 733 612 371 458 268 475 501 226 112 680 670 449 299 673 578 573 606 241 442 93 121 129 146 451 698 540 441 501 
582 745 669 664 65 456 677 224 11 739 68 693 266 713 60 546 12 390 65 161 186 547 357 690 529 689 191 239 416 707 238 113 623 312 457 374 658 402 164 120 403 154 325 561 294 74 405 614 302 255 397 443 182 317 566 153 645 288 229 703 684 715 553 321 117 459 486 449 227 550 320 356 578 48 700 331 144 592 548 82 631 610 148 670 466 679 444 15 200 11 463 144 259 650 479 547 509 136 509 20 
282 524 654 611 63 748 205 657 559 268 303 383 103 568 15 373 436 328 101 175 69 642 214 73 368 73 601 486 348 581 434 396 127 52 377 376 330 262 722 335 592 98 502 226 287 669 46 333 339 540 150 465 303 181 176 321 605 482 218 627 185 658 217 738 147 227 471 450 295 332 716 52 91 479 466 611 142 636 445 683 178 674 675 580 650 594 159 411 608 138 687 695 442 715 256 421 538 689 404 586 
20 380 596 652 217 355 251 275 342 693 17 680 287 418 10 151 268 545 311 26 60 456 14 745 723 335 532 136 734 196 380 346 528 330 69 136 440 38 416 534 454 531 671 542 295 81 514 635 548 414 468 738 704 358 277 300 612 296 148 38 557 552 124 315 521 36 494 129 279 636 241 157 257 518 435 72 159 18 495 15 735 48 230 240 578 424 256 427 83 96 558 670 102 197 46 603 362 319 338 680 
41 643 24 258 441 492 725 37 113 450 497 10 58 257 677 652 533 526 737 216 310 659 372 431 492 385 360 95 340 713 184 212 136 331 284 670 411 271 59 38 436 662 353 419 153 284 165 736 248 122 7 298 607 183 266 181 177 166 233 431 210 221 717 591 211 126 311 288 194 125 57 354 3 274 117 741 338 392 728 157 661 553 35 311 268 257 321 651 423 244 84 524 348 26 530 268 530 733 77 244 
32 537 476 438 216 271 57 55 607 485 462 708 272 671 636 632 715 722 722 428 56 620 89 367 366 78 281 389 366 704 629 211 96 421 195 81 40 185 484 713 648 223 390 352 680 231 288 1 117 138 541 327 658 642 120 636 552 493 552 474 588 712 699 137 251 692 212 35 499 683 140 554 81 460 367 448 9 305 223 323 269 510 166 1 163 226 611 602 316 100 241 714 324 208 269 13 237 466 127 405 
648 695 574 229 183 20 121 490 175 276 676 369 410 542 427 527 65 652 192 275 322 712 133 428 533 294 60 567 526 54 392 474 98 570 270 375 429 708 228 132 142 146 138 397 458 654 184 374 346 18 481 690 355 93 653 355 252 336 81 318 251 502 114 145 581 419 748 173 452 223 673 688 237 714 86 652 27 500 6 650 626 500 370 441 416 434 309 594 527 368 508 543 721 536 4 231 530 504 517 577 
100 287 274 339 546 162 712 208 624 414 744 138 49 396 697 591 664 215 247 183 717 188 339 77 693 366 124 487 263 618 35 332 364 67 487 429 450 471 232 379 218 482 172 494 515 297 94 515 437 42 447 52 509 209 240 513 350 419 406 488 375 189 549 422 197 679 619 726 408 721 82 34 458 203 666 534 562 663 407 610 555 41 62 254 385 427 163 199 268 67 188 252 3 424 9 374 445 223 600 352 
175 93 698 285 151 557 721 209 733 499 239 513 677 268 81 17 640 706 48 6 487 401 123 704 116 663 151 738 436 711 744 604 297 579 24 34 283 493 205 152 117 699 141 420 210 13 95 458 343 438 55 616 744 192 273 392 224 581 682 319 123 443 202 170 440 6 486 707 322 676 66 345 381 468 475 282 741 746 79 318 394 383 381 450 648 728 280 41 117 649 544 734 421 132 244 147 722 569 231 717 
75 716 661 466 523 326 549 93 729 171 116 48 237 651 173 220 541 231 409 479 431 222 165 586 674 418 45 521 143 525 676 306 365 157 716 66 513 144 410 354 116 191 209 669 397 648 66 393 176 367 97 727 344 201 244 254 619 482 617 167 1 713 459 223 158 77 40 353 706 176 376 571 272 208 123 181 405 398 734 498 732 22 564 198 64 90 433 676 491 649 356 138 81 57 736 454 80 220 333 156 
749 671 1 59 710 253 353 669 123 489 300 515 317 313 700 426 644 240 188 527 633 11 477 89 322 346 634 44 222 25 393 249 281 531 38 659 405 681 173 627 494 628 394 519 718 555 18 388 415 585 632 25 617 308 618 121 651 416 533 564 84 416 677 530 72 491 301 449 743 685 281 495 485 565 146 342 415 514 614 148 0 355 677 646 179 28 287 723 58 471 49 339 360 514 475 300 422 579 68 547 
325 14 727 62 91 440 407 323 303 687 472 215 121 433 720 153 712 647 307 8 346 11 283 738 408 695 679 238 405 695 570 100 624 82 394 263 670 667 281 556 735 520 678 737 276 484 629 571 593 282 392 746 645 190 361 634 29 226 604 194 691 317 77 542 328 34 341 221 110 32 644 712 675 657 223 519 8 35 76 211 321 321 176 614 598 422 87 676 686 377 366 410 730 527 594 298 71 445 692 669 
90 649 54 452 102 226 167 490 688 449 632 146 92 349 558 449 690 739 344 54 303 153 233 537 532 199 365 83 130 145 227 11 371 468 108 227 371 303 222 3 733 134 675 736 317 634 163 208 419 291 678 713 201 682 114 615 435 329 616 138 244 659 310 561 238 304 373 710 280 681 436 17 101 420 68 599 297 675 381 526 646 7 674 374 123 419 251 323 307 224 80 226 28 443 210 238 289 501 687 187 
59 98 265 202 585 380 163 129 12 706 558 408 205 681 138 30 549 176 237 18 289 560 707 386 113 705 514 636 703 520 588 627 614 47 246 331 730 220 276 507 638 373 92 287 333 210 126 718 98 54 573 159 158 559 219 179 719 334 233 506 433 675 636 578 296 683 554 104 452 481 748 193 48 575 265 699 5 287 183 461 550 545 362 383 429 579 305 424 316 218 440 723 495 573 626 596 99 124 200 77 
690 304 405 115 255 406 267 141 259 452 125 612 668 683 74 484 448 506 446 481 17 142 638 354 217 441 573 524 249 744 368 495 178 606 309 547 719 161 374 447 446 117 449 725 69 124 284 645 355 94 287 733 111 678 374 304 472 603 299 199 96 343 326 731 694 726 525 482 597 350 442 146 709 237 195 449 139 66 453 690 103 697 260 339 352 543 101 189 211 164 540 244 473 173 193 79 133 748 589 742 
570 37 242 408 467 689 632 701 270 323 543 150 594 545 595 97 748 518 297 315 157 606 704 54 71 743 452 451 142 463 532 689 666 684 269 731 16 695 740 666 487 57 535 665 404 414 476 216 401 632 601 85 468 24 405 641 548 469 48 52 58 668 576 581 515 734 393 77 731 575 206 475 201 736 175 480 62 630 636 737 100 364 413 477 382 317 385 623 86 87 381 15 555 112 465 149 514 613 600 573 
160 78 417 407 22 477 498 362 383 131 395 61 319 251 487 379 410 363 725 731 180 13 85 525 48 497 238 150 695 507 684 350 563 440 382 379 602 500 275 372 147 379 331 263 540 181 352 166 524 235 340 355 638 534 602 17 396 737 607 176 563 239 138 119 322 110 712 468 153 336 332 94 259 280 198 292 344 141 218 311 111 740 321 491 45 715 591 206 333 716 600 548 237 711 694 524 55 468 385 390 
685 653 161 653 336 174 140 3 623 453 103 523 444 368 306 325 368 236 431 362 76 12 150 425 113 393 370 340 19 395 269 304 35 665 564 682 674 150 346 393 293 500 10 501 301 358 606 185 47 381 254 495 0 673 563 390 400 387 119 527 455 437 354 189 68 436 253 68 230 227 179 366 104 284 627 38 349 612 369 40 389 744 464 140 177 228 707 150 599 59 183 357 208 139 442 234 726 76 287 242 
423 643 88 483 561 371 196 649 667 34 109 479 439 505 183 373 90 637 359 604 542 425 503 639 124 14 263 734 500 367 103 426 297 349 677 661 18 678 180 372 46 226 731 574 609 208 18 7 648 93 433 275 338 301 81 158 405 734 395 694 401 583 728 347 378 531 634 45 392 183 527 54 206 239 241 192 606 447 332 203 207 472 677 557 424 100 329 40 22 244 21 439 43 153 645 471 371 287 248 82 
124 735 420 532 259 87 265 399 643 181 205 554 283 631 190 287 246 568 452 365 68 632 442 272 63 49 50 611 371 717 485 697 469 479 585 433 50 521 281 685 50 666 257 1 357 162 479 193 385 301 622 274 297 275 350 316 447 364 165 49 171 601 623 421 241 425 408 160 564 203 154 643 165 544 576 704 300 320 152 127 142 709 300 681 214 709 267 387 422 255 694 590 526 721 99 709 34 186 586 620 
465 84 371 544 407 3 199 650 663 91 169 94 185 302 614 5 178 689 124 458 61 190 348 101 566 289 415 123 74 403 533 514 650 238 252 530 237 599 742 529 476 180 146 263 708 172 246 227 531 686 185 144 232 45 304 703 385 466 228 664 521 601 398 316 620 263 541 668 430 184 231 378 147 7 33 724 450 243 581 546 508 634 584 662 116 203 746 7 6 662 86 460 709 119 87 255 609 434 530 148 
71 746 253 453 528 423 399 405 728 539 43 491 306 169 110 211 436 683 340 451 360 452 349 563 191 417 6 85 262 492 702 570 22 569 76 69 147 528 185 411 654 380 506 559 283 640 139 557 460 339 277 710 575 431 500 628 120 462 496 122 650 165 91 223 493 288 739 31 0 338 219 272 653 509 597 77 726 381 127 159 304 318 697 484 226 371 695 524 191 412 723 147 291 608 133 451 185 117 37 721 
205 135 395 139 442 390 431 609 116 655 493 117 593 654 512 553 28 210 156 455 662 417 535 275 345 711 119 94 431 374 483 722 342 367 298 555 534 162 395 474 95 176 667 190 262 677 120 126 393 207 742 550 50 263 51 318 455 562 476 578 305 437 591 214 673 713 314 719 37 10 572 339 733 175 288 8 78 103 136 14 680 211 148 579 253 68 361 704 654 697 468 22 480 538 363 580 118 550 231 740 
303 217 55 53 65 546 546 626 100 658 181 493 406 112 493 239 682 282 573 64 673 654 261 632 635 487 75 530 59 510 174 133 65 648 223 545 498 417 15 491 432 240 665 669 517 13 709 80 268 187 16 588 401 651 126 327 316 430 681 29 24 348 191 251 530 3 369 16 441 347 428 170 472 257 662 387 155 412 118 577 63 147 22 703 692 372 667 129 560 610 179 68 734 376 146 694 1 79 578 175 
657 644 565 158 467 254 554 515 123 59 682 633 410 626 408 147 542 699 162 3 17 103 299 410 358 550 290 361 112 238 170 3 160 49 629 125 188 105 654 462 686 456 193 467 143 403 748 434 662 248 454 252 332 48 510 576 454 578 228 614 6 691 469 257 320 286 410 308 201 483 336 376 485 731 584 280 499 372 598 61 421 334 27 639 528 705 497 127 317 98 702 207 136 484 249 467 240 10 600 175 
653 197 170 735 391 282 371 376 685 727 485 341 617 3 517 283 605 127 506 169 610 232 306 243 536 492 573 204 217 625 442 49 465 349 715 732 686 224 476 466 7 26 457 320 477 485 611 710 426 272 193 523 715 301 504 311 16 191 475 297 655 469 370 178 157 413 550 358 312 563 191 421 584 163 547 124 654 454 651 371 132 91 7 75 171 589 148 45 717 140 471 347 441 574 402 164 8 424 725 159 
676 364 641 732 541 593 545 332 284 358 331 72 423 704 382 1 232 331 155 561 322 709 602 463 406 746 426 51 107 749 540 385 111 68 574 86 352 639 687 350 342 572 250 314 30 280 238 714 295 246 386 598 310 639 607 562 506 200 663 510 642 644 34 633 343 383 390 272 536 423 270 607 51 133 75 719 312 319 212 653 201 516 749 266 469 502 268 319 680 618 278 115 578 622 267 719 313 451 75 7 
153 450 254 254 295 137 92 548 87 404 2 547 470 739 40 350 403 167 45 432 274 147 215 82 136 315 213 500 388 608 469 646 98 522 425 268 619 571 511 722 286 733 734 651 51 262 442 527 276 118 209 372 531 671 128 572 440 491 440 627 346 714 601 418 268 23 215 634 29 139 90 586 153 572 523 225 69 148 493 398 526 193 730 118 706 483 701 63 586 410 697 237 644 270 12 245 431 223 649 342 
178 529 510 573 709 265 291 302 596 643 97 652 425 40 582 207 397 629 291 476 1 4 721 11 451 29 187 688 342 420 668 441 445 127 271 345 17 260 659 227 597 242 13 456 269 161 224 648 681 353 591 660 690 465 2 670 597 445 462 164 374 530 2 469 320 535 275 131 739 65 451 313 516 603 405 529 450 351 622 44 547 98 681 548 436 657 552 675 572 685 275 532 137 569 99 525 540 53 29 606 
45 42 81 685 444 368 503 587 140 41 474 220 177 288 29 287 581 187 101 28 81 365 201 61 379 82 142 177 503 716 409 351 454 650 594 472 394 413 674 449 570 497 717 41 667 66 401 359 33 81 346 504 487 67 402 354 568 497 339 70 0 504 660 303 260 663 128 347 80 562 693 39 17 28 541 380 557 236 486 189 742 147 258 404 83 589 442 746 554 578 362 89 534 98 132 341 567 455 503 737 
409 51 382 13 550 562 621 133 45 373 346 576 200 289 294 33 88 695 740 388 413 399 622 159 538 681 59 218 45 732 524 95 663 404 237 376 355 609 639 23 297 729 373 743 501 515 661 258 436 348 316 145 85 138 301 481 388 77 512 593 637 514 538 665 107 307 338 29 608 743 723 709 387 276 600 536 495 643 290 432 185 242 77 235 302 301 299 261 338 134 735 267 635 189 360 178 182 163 403 562 
566 424 294 462 297 680 410 711 342 363 112 184 108 486 285 569 344 748 1 478 622 376 537 448 108 709 252 677 705 356 251 153 278 659 258 489 459 595 327 678 304 675 62 451 154 709 86 646 283 168 334 423 650 315 118 715 203 127 54 209 258 453 323 425 125 16 7 360 249 620 741 471 630 147 63 661 433 467 463 693 519 296 656 355 228 658 294 111 327 343 290 97 15 5 179 622 243 220 132 95 
183 588 361 569 687 730 487 279 288 286 304 7 232 24 79 113 123 79 486 263 732 306 484 204 148 509 517 431 638 506 285 279 13 497 587 54 348 672 532 31 666 618 99 60 197 251 5 504 514 181 502 708 450 333 667 615 701 446 350 109 322 28 332 498 630 94 617 415 49 571 310 683 247 457 671 517 199 531 268 415 6 590 484 675 109 552 337 10 722 480 118 409 367 186 360 383 373 325 323 68 
325 375 204 506 122 170 2 630 351 232 741 451 419 573 729 713 325 445 14 56 112 738 73 404 679 280 495 69 221 102 660 535 198 78 353 65 326 395 208 560 61 268 249 279 215 186 139 368 84 340 204 160 488 581 626 73 688 178 44 717 386 285 723 259 60 60 649 430 537 199 456 679 567 208 138 303 553 112 714 735 146 615 362 573 161 571 39 359 384 76 374 10 722 218 690 615 291 516 166 462 
415 136 585 658 616 414 240 272 500 319 113 122 331 13 271 267 85 447 712 522 323 506 534 693 316 676 145 541 386 702 268 511 245 169 539 382 551 315 373 621 89 422 541 229 739 92 628 508 161 219 360 33 352 365 592 480 609 165 506 225 117 263 572 274 292 300 360 642 242 475 340 93 260 305 666 373 65 545 148 64 733 577 606 718 650 329 372 126 257 410 578 424 50 104 397 363 233 693 249 317 
640 291 450 243 385 15 182 553 282 78 306 283 60 410 692 63 170 710 668 429 381 298 21 320 332 299 315 271 653 461 454 747 720 185 15 594 512 330 729 635 691 30 541 198 591 88 712 207 160 652 525 676 474 251 147 2 402 454 420 695 566 198 165 661 306 219 65 481 383 516 241 181 120 573 46 205 672 432 398 221 234 95 242 713 477 107 587 701 494 271 274 640 236 717 406 626 713 551 634 208 
654 515 560 590 209 194 20 401 646 228 48 489 229 115 52 141 542 666 609 54 655 306 175 601 498 47 52 437 120 121 241 692 407 721 400 472 679 245 147 231 445 211 401 395 364 102 281 337 467 698 618 590 742 176 692 132 721 644 387 512 733 502 162 535 436 8 74 272 25 395 561 572 270 347 746 642 100 11 668 701 725 168 87 726 425 348 78 42 613 451 257 625 71 600 155 400 431 470 515 648 
538 644 453 149 426 72 295 126 493 412 709 388 505 525 663 539 400 642 661 434 383 109 685 240 427 117 199 241 525 664 46 346 622 343 735 673 219 480 326 614 629 192 400 382 368 669 574 495 194 689 433 129 112 241 258 481 211 122 311 517 263 60 323 51 407 154 283 667 562 171 254 51 672 356 244 620 626 463 170 235 126 685 425 295 382 418 204 327 591 287 211 177 152 648 621 94 637 379 498 373 
616 208 403 2 78 220 211 616 716 737 423 24 561 462 157 304 614 144 403 700 530 96 637 283 628 366 374 441 598 326 516 74 167 602 391 460 601 186 543 389 286 1 439 515 692 416 631 370 495 690 36 143 587 345 298 562 502 82 96 182 606 729 440 382 715 547 513 20 55 467 432 466 130 267 180 557 507 525 70 697 337 490 689 358 617 201 424 88 582 648 174 120 554 579 416 345 171 254 647 723 
564 680 91 664 504 477 688 83 270 350 486 728 148 730 300 671 230 430 445 175 54 364 114 411 381 3 518 84 641 615 541 731 550 205 239 326 323 308 164 454 112 299 591 233 615 507 712 98 407 112 581 210 334 282 42 100 586 677 631 0 407 488 562 381 494 73 544 568 217 632 427 473 670 365 350 237 101 174 69 529 149 624 1 269 229 117 704 178 731 160 571 245 165 161 485 115 691 94 196 11 
690 522 401 263 376 123 2 22 417 8 703 263 6 262 398 522 493 547 465 470 423 40 425 497 304 192 132 589 210 696 389 319 729 303 376 158 529 459 235 182 532 42 265 469 623 86 682 145 540 506 276 265 61 41 37 477 624 551 749 22 701 621 516 431 693 459 515 595 166 399 509 312 612 238 543 744 386 38 267 319 231 68 261 223 607 451 215 411 158 443 166 83 626 729 12 309 692 248 100 207 
155 511 502 1 465 24 426 92 548 628 339 18 103 99 360 357 353 390 24 280 61 36 351 112 742 712 262 652 711 300 247 211 427 717 163 143 632 27 176 620 617 444 515 455 390 123 151 661 350 578 14 395 436 181 373 305 62 540 151 471 429 537 495 538 205 286 644 176 312 105 207 381 204 660 687 688 219 634 349 484 245 50 489 535 329 213 673 267 3 105 342 318 722 58 720 239 25 265 365 277 
365 568 234 66 172 65 265 226 660 321 738 314 480 188 471 291 682 198 61 510 701 328 212 214 609 428 664 257 236 126 503 664 598 438 413 240 737 495 94 640 2 393 272 564 506 227 3 740 685 368 217 435 144 727 624 741 71 431 174 192 193 366 202 42 744 225 716 125 138 654 307 255 152 206 724 21 674 716 98 3 614 186 672 353 344 406 697 738 518 278 520 33 386 83 91 446 465 79 466 368 
178 42 276 440 236 597 39 629 522 283 22 509 499 81 366 445 641 65 285 585 520 683 251 447 545 207 324 147 388 192 181 739 220 563 569 68 287 370 713 739 259 660 295 642 9 701 69 588 423 740 728 417 76 558 611 703 213 268 1 460 493 165 423 417 422 131 65 538 554 563 430 75 546 675 387 91 529 139 424 11 620 45 119 413 147 245 692 516 529 592 283 204 747 334 645 470 4 278 342 290 
176 126 675 74 179 706 325 92 84 687 675 121 240 662 58 738 356 356 155 453 142 160 12 724 289 733 168 105 249 154 482 519 239 244 88 490 713 14 70 135 146 121 222 232 71 406 341 619 483 165 602 27 278 478 33 174 441 344 204 475 464 688 535 446 489 65 179 252 281 389 86 216 383 183 66 743 478 139 575 306 8 431 451 354 193 673 198 159 664 669 277 67 287 424 72 82 655 456 310 235 
293 257 127 371 106 295 330 534 604 305 530 36 355 108 239 743 739 668 341 132 171 86 588 64 669 259 152 178 338 482 694 148 240 625 111 165 338 381 720 91 438 234 15 89 339 619 661 608 42 537 571 282 528 243 171 20 353 386 88 311 336 403 720 378 404 531 281 414 532 295 348 285 478 516 96 557 490 603 727 40 544 118 410 324 288 236 412 164 609 345 389 512 162 234 342 200 365 665 297 246 
299 339 678 419 571 163 35 479 516 644 121 269 229 381 224 245 640 127 371 367 556 298 628 389 183 670 134 317 549 29 605 47 447 336 44 181 551 429 637 728 286 332 75 664 409 382 542 76 510 659 655 602 105 218 537 55 285 602 308 35 389 210 658 186 444 500 399 401 408 8 388 427 112 398 245 290 426 720 668 585 195 592 66 305 194 124 410 648 461 691 195 603 631 358 589 616 437 50 568 50 
584 68 64 479 703 575 388 279 181 648 406 617 439 584 682 286 360 192 237 350 166 727 444 376 101 9 574 4 553 153 227 42 636 718 194 556 262 65 365 242 657 682 531 220 183 523 526 241 414 409 283 558 52 535 413 401 670 246 21 119 44 690 190 126 166 324 724 606 621 15 424 127 111 739 303 521 544 53 203 26 730 59 280 521 645 103 722 331 215 231 346 177 109 490 104 496 320 641 190 102 
