175 400 619 56 333 129 516 144 59 269 159 700 721 349 86 725 188 212 101 176 657 480 436 107 190 290 336 91 445 715 182 597 388 195 406 397 399 172 667 55 469 673 343 618 110 549 431 599 685 486 532 23 659 620 237 452 745 130 67 19 26 635 538 671 102 136 715 405 21 347 442 576 125 517 197 595 609 513 142 679 4 223 413 214 262 8 341 640 142 333 96 317 542 267 477 14 293 166 32 348 
582 718 737 183 260 362 49 626 339 465 687 597 100 314 588 464 551 7 138 317 528 273 742 75 454 144 363 12 372 335 5 135 104 72 527 388 597 180 674 110 346 728 59 384 197 21 563 586 521 629 209 561 235 521 703 216 625 91 428 196 595 157 303 472 570 524 387 388 667 390 12 515 333 400 441 628 491 93 115 269 306 612 374 471 174 74 499 322 350 729 433 140 687 111 290 488 265 20 245 687 
741 532 539 747 163 639 493 117 293 451 680 282 197 58 92 635 547 109 6 305 291 6 4 150 185 30 531 452 220 301 304 452 380 418 391 745 33 401 294 679 347 663 217 336 127 611 422 641 507 461 123 182 234 418 371 289 631 480 539 163 304 613 690 161 171 714 691 139 122 469 202 91 456 508 597 424 185 677 216 66 287 430 696 411 410 235 324 87 90 456 558 377 25 591 21 274 224 281 9 393 
711 172 443 155 235 676 154 230 333 544 680 203 392 458 519 229 457 591 257 560 420 379 302 169 84 86 587 436 404 445 363 72 455 612 76 637 267 54 442 4 229 202 117 138 567 452 621 532 348 132 143 745 700 545 679 732 73 88 689 99 102 674 524 150 237 225 221 542 661 687 514 151 613 315 394 153 366 709 458 582 502 545 519 649 104 19 49 650 439 592 279 665 535 365 690 431 242 25 137 413 
352 567 49 663 707 499 249 287 598 9 742 264 744 617 293 550 507 738 271 105 340 656 108 576 606 395 11 592 402 33 110 496 747 96 267 648 302 466 713 100 98 7 611 314 255 159 202 194 132 586 599 652 537 133 509 223 580 480 385 696 698 369 527 269 294 409 297 123 150 262 668 584 223 88 173 356 158 63 48 63 188 375 325 715 683 704 412 503 658 373 412 679 343 393 658 235 714 495 521 419 
588 438 364 521 123 262 730 347 700 230 715 393 374 328 402 320 124 345 583 566 154 681 119 289 152 600 287 132 253 309 501 258 148 609 329 178 670 290 340 403 35 424 473 655 715 130 502 398 327 309 152 12 333 440 267 470 350 723 330 666 433 18 533 15 522 485 727 42 60 268 738 220 456 403 638 594 244 378 511 430 150 213 263 499 21 686 336 478 50 594 21 565 277 414 325 345 269 289 36 121 
515 47 358 403 666 21 608 404 749 613 297 107 110 183 478 384 52 544 19 192 543 89 709 274 124 485 373 615 76 50 66 641 496 150 386 103 506 443 631 33 77 537 643 147 131 158 641 262 547 387 440 109 509 111 39 512 528 416 67 239 87 132 478 600 237 515 438 184 727 343 538 451 565 12 351 444 526 637 693 481 639 232 225 135 231 160 259 715 641 550 281 286 552 654 744 713 531 719 346 286 
218 511 489 309 90 151 635 478 500 432 158 161 480 540 412 738 206 528 714 73 68 696 374 662 148 620 725 416 428 609 676 495 278 460 748 318 37 671 676 631 164 131 678 604 266 433 59 527 283 519 564 476 473 534 382 211 655 239 42 217 236 135 656 191 345 603 639 138 99 522 154 354 539 653 709 669 700 515 637 748 7 50 569 389 561 480 561 542 314 102 717 505 68 448 16 698 246 594 340 451 
191 547 415 3 266 709 253 650 508 747 598 445 7 66 321 461 241 358 629 187 704 327 322 261 263 657 434 622 253 418 125 371 555 15 303 36 164 92 216 127 707 552 345 371 90 571 494 576 34 150 524 316 96 327 276 419 215 500 55 507 457 334 86 605 670 196 328 31 173 601 50 633 54 319 497 580 505 636 363 140 683 56 396 182 385 75 80 627 112 212 237 485 410 182 412 240 290 681 517 185 
390 616 57 221 114 308 154 528 571 584 514 45 435 666 329 411 390 625 88 58 131 367 22 554 54 133 588 707 713 577 541 50 90 347 122 683 710 247 599 8 568 377 136 650 635 300 388 745 536 539 465 638 722 308 682 67 469 577 488 597 506 134 112 80 668 513 459 561 437 22 331 467 647 714 18 107 311 156 623 281 423 728 727 11 126 518 477 549 362 561 315 47 248 49 83 30 161 661 118 350 
416 713 313 171 369 375 242 532 86 661 496 289 326 127 204 307 92 141 594 58 147 384 87 390 36 659 542 613 512 383 495 584 541 564 224 74 665 435 530 744 55 618 721 586 108 253 112 177 677 36 418 608 58 626 154 517 15 34 61 575 74 120 322 515 229 512 194 664 144 47 128 119 639 542 674 630 592 129 445 742 660 469 589 746 311 462 216 3 81 386 142 314 589 533 159 131 672 674 334 617 
53 141 172 500 749 127 1 31 689 663 83 626 646 139 174 210 703 380 305 426 406 624 253 619 206 650 384 441 337 111 454 678 299 710 626 201 318 495 296 236 270 217 202 689 194 203 707 54 212 627 322 636 456 333 596 362 698 294 26 425 214 9 294 246 428 288 4 54 537 679 547 25 62 306 61 277 226 197 188 219 454 46 675 683 198 527 553 535 12 597 125 545 67 554 614 39 143 280 435 648 
673 442 66 120 198 183 570 507 97 618 583 519 203 8 197 138 629 649 241 268 237 204 88 269 164 307 604 695 3 289 399 253 733 404 524 308 453 182 385 180 10 161 324 116 640 711 481 60 14 68 222 524 100 388 407 321 588 523 134 707 27 307 154 696 247 186 109 248 295 682 562 673 154 392 23 295 51 383 271 743 416 101 528 174 506 399 689 658 137 423 94 633 340 599 112 275 0 31 693 736 
277 140 475 523 244 613 44 246 167 580 93 735 131 204 135 440 212 618 302 705 708 368 554 491 241 494 731 270 357 397 146 420 648 522 576 563 267 284 164 706 108 418 105 302 35 569 257 628 153 150 37 393 148 130 301 60 403 112 319 682 633 171 254 586 27 143 671 108 254 60 659 89 365 507 747 731 189 510 302 718 439 445 210 674 383 731 585 82 441 658 748 569 241 130 533 86 193 592 609 423 
223 239 524 657 607 107 592 530 285 71 648 41 247 55 490 700 561 68 340 361 308 321 9 189 312 284 719 695 81 557 625 101 1 65 184 277 141 198 46 725 466 442 618 746 236 234 413 644 153 464 498 342 632 679 404 17 521 54 243 24 518 217 539 380 672 497 277 203 684 362 311 545 401 24 269 405 185 137 26 150 124 707 193 552 466 583 70 338 66 519 21 571 702 597 446 288 77 116 161 523 
305 740 724 239 317 94 341 442 729 410 45 630 726 496 503 695 237 661 530 619 436 723 667 204 42 517 596 625 134 486 675 498 55 483 439 277 199 409 55 651 231 297 486 717 469 438 476 287 10 140 64 77 342 102 475 357 535 627 303 390 730 45 338 190 52 337 671 183 537 655 349 696 392 301 193 297 156 373 641 218 10 21 342 225 321 39 491 655 352 68 427 70 528 732 370 331 107 579 255 630 
130 392 359 56 588 271 596 223 345 15 708 548 618 368 595 486 668 111 709 541 306 613 250 191 18 91 526 258 423 78 605 598 248 199 419 672 584 101 222 641 135 561 371 638 357 308 672 609 682 575 589 595 384 45 547 693 141 146 670 158 323 466 702 553 8 241 616 32 536 711 698 643 115 312 3 235 389 278 703 509 224 578 39 231 679 170 744 342 435 85 704 323 326 184 376 661 478 435 446 512 
9 120 182 578 218 89 714 745 301 474 219 140 123 0 683 55 459 700 316 603 373 521 460 733 71 254 308 377 53 337 142 89 457 372 501 30 545 585 78 618 536 440 530 192 38 95 380 202 131 531 106 679 41 497 218 152 107 243 8 644 118 703 153 649 28 321 243 355 78 690 383 249 479 283 332 591 365 600 148 216 29 209 250 44 494 249 242 496 104 510 536 604 598 715 391 140 436 137 632 126 
500 204 332 598 139 152 99 498 559 142 10 543 74 42 524 122 349 177 262 553 175 709 334 707 426 463 702 419 612 31 688 154 305 642 165 245 431 706 691 331 297 45 437 180 166 148 228 359 691 607 457 483 538 593 144 585 76 487 680 212 104 259 281 485 227 677 516 407 412 736 532 490 564 580 614 528 254 169 552 705 167 346 701 544 70 421 340 141 295 271 603 78 121 426 649 455 573 411 272 156 
45 292 628 382 603 158 174 93 37 135 479 577 697 40 106 118 341 551 596 17 88 439 211 449 10 643 77 600 607 625 729 448 435 218 353 612 215 405 469 15 299 295 128 130 724 85 478 471 488 350 165 605 232 101 732 177 27 85 697 692 437 526 225 94 594 707 628 96 691 107 582 271 249 480 417 540 699 288 93 206 148 263 419 268 565 721 321 647 70 272 476 24 391 286 488 487 673 208 221 678 
595 229 509 243 469 617 343 433 363 382 207 562 739 316 526 121 397 511 118 453 422 468 713 359 606 470 234 465 465 269 254 495 32 163 515 165 486 106 272 724 483 29 224 633 194 293 40 54 344 329 211 719 316 33 322 213 458 69 642 410 205 465 159 383 597 263 280 373 162 0 616 299 312 87 565 415 247 309 293 635 30 726 386 242 298 387 749 106 116 21 339 632 466 413 222 700 461 529 215 322 
552 303 673 276 183 307 599 241 595 3 3 226 622 683 181 406 664 462 590 26 540 443 707 735 245 61 307 289 35 654 431 608 103 657 19 30 647 653 664 545 56 382 702 171 42 320 46 497 261 268 223 464 659 628 1 18 199 670 96 232 234 492 270 193 650 228 635 421 335 497 43 649 605 190 504 534 235 261 183 138 397 661 123 399 18 548 33 594 392 543 404 611 53 112 507 107 438 475 509 45 
115 179 486 30 109 523 624 385 422 252 492 89 519 473 402 581 576 621 9 467 473 510 593 461 205 723 400 556 351 420 268 251 610 660 441 698 574 501 588 276 382 484 54 461 698 649 414 192 640 158 619 507 73 749 643 124 465 0 174 345 680 165 121 644 522 635 590 601 699 555 25 53 348 95 467 720 179 680 184 704 522 414 287 189 425 447 61 391 363 275 499 631 607 553 606 296 275 688 563 274 
270 697 164 472 129 115 494 484 331 331 536 574 289 610 600 357 154 673 243 310 452 62 246 193 224 559 61 283 98 121 207 639 500 465 545 599 560 57 382 226 716 448 374 266 51 588 412 225 577 702 665 411 61 569 520 447 240 417 492 399 732 126 564 183 277 191 294 702 212 56 73 520 481 189 718 172 711 176 474 144 349 191 383 231 59 162 622 661 546 174 151 477 705 608 413 88 92 306 652 50 
701 462 479 309 718 257 387 495 391 574 539 52 67 56 288 274 37 657 69 204 667 669 209 53 35 133 713 366 596 248 656 434 680 54 475 195 428 129 317 673 22 481 341 271 720 43 334 566 431 278 97 104 292 590 329 431 51 427 672 98 114 301 714 347 295 18 653 592 447 132 740 75 61 203 11 246 686 693 344 600 396 461 137 737 245 115 617 368 569 717 182 74 363 279 295 285 482 491 34 573 
322 402 543 648 488 28 468 504 232 107 470 144 630 270 587 48 242 271 418 678 464 333 97 382 162 555 469 730 718 550 162 294 224 319 620 521 288 636 255 749 303 181 681 162 374 16 560 691 391 395 214 88 619 556 741 747 44 566 388 703 470 419 722 531 481 627 237 574 221 672 203 729 732 374 64 393 588 636 138 349 489 102 587 654 689 625 633 535 645 23 286 660 746 15 402 715 542 94 24 693 
108 208 558 638 476 187 517 328 309 511 80 382 442 85 665 92 87 694 527 192 276 236 729 57 577 453 70 613 533 72 143 520 221 456 47 714 434 202 524 661 582 719 666 748 312 46 658 661 284 556 124 555 122 23 651 125 251 6 114 612 739 686 389 661 695 596 614 604 343 528 398 104 474 248 321 10 87 303 181 337 259 506 326 311 542 319 15 579 385 394 566 216 48 143 603 212 387 715 151 573 
151 102 89 359 310 265 219 636 608 701 338 367 14 711 284 38 269 547 667 87 29 211 693 301 41 674 729 37 158 366 748 241 659 388 574 110 456 131 485 641 393 145 658 719 56 53 294 412 210 229 520 585 346 338 261 115 673 573 576 239 681 242 211 594 113 180 451 565 51 636 191 735 601 67 430 593 186 574 690 483 396 664 69 535 703 724 415 504 555 715 232 619 133 215 598 241 97 49 611 384 
241 481 180 690 298 730 594 214 477 727 469 149 265 479 424 345 44 319 606 455 708 748 403 271 485 371 147 660 384 430 82 228 715 311 418 437 439 707 640 256 528 213 341 216 162 596 495 412 532 484 158 324 5 655 395 521 463 207 26 431 161 482 706 512 685 700 395 240 639 116 386 683 442 573 717 94 73 714 38 421 677 256 169 51 301 689 78 434 566 128 174 21 214 210 390 657 618 651 277 233 
383 388 504 408 134 613 27 505 143 164 413 742 424 333 164 714 500 688 172 42 69 522 689 520 507 700 192 533 275 361 218 187 352 228 263 119 488 749 614 135 388 232 541 49 563 128 170 260 235 531 694 399 537 384 157 348 645 546 415 49 672 652 585 496 61 690 246 486 465 109 16 196 517 339 426 701 371 712 611 27 513 142 312 62 293 475 376 566 158 405 533 317 616 365 408 384 507 105 621 150 
515 515 259 327 577 412 457 78 669 603 160 647 711 526 225 291 414 395 364 603 411 280 531 235 171 177 486 734 486 596 153 273 381 435 350 499 76 709 554 46 532 211 707 715 134 712 232 364 521 245 565 279 501 165 545 136 194 516 51 744 41 635 708 734 311 49 726 92 125 32 734 724 579 679 608 604 725 60 747 530 44 284 661 726 609 153 11 624 547 702 48 53 534 470 448 705 595 445 25 548 
262 746 133 720 665 540 631 382 87 457 734 327 364 182 29 236 326 379 711 325 383 734 139 83 541 394 403 268 527 393 384 468 648 8 183 356 225 507 314 161 480 136 3 724 192 56 281 199 667 41 263 333 345 73 666 444 469 278 667 584 430 88 121 54 619 39 167 747 413 5 625 730 749 89 718 483 475 181 709 378 271 400 596 691 134 74 510 333 425 271 453 727 432 173 19 128 132 334 447 689 
692 120 498 211 470 657 586 80 472 65 356 172 184 455 275 502 477 54 157 316 669 617 517 328 133 467 98 632 572 23 506 285 51 80 583 114 75 437 701 730 696 590 162 299 109 108 164 586 588 473 652 311 299 572 736 739 444 200 537 627 713 190 105 323 697 132 478 551 149 607 471 169 668 603 121 647 140 2 706 249 240 737 665 623 126 238 51 526 531 548 287 28 699 54 138 359 435 109 516 3 
173 425 618 333 181 91 101 691 245 589 481 515 463 699 173 447 82 223 268 30 351 366 476 119 605 90 48 224 56 577 207 573 531 640 0 197 108 7 707 525 81 406 597 715 80 370 8 526 256 719 475 559 601 685 665 90 659 354 182 662 109 13 549 483 267 365 3 456 273 479 277 113 451 278 12 632 383 208 294 541 611 228 660 461 287 216 452 679 446 429 127 492 202 338 734 307 548 259 381 523 
309 299 597 556 7 561 552 267 509 314 331 745 284 62 343 265 187 595 580 529 511 744 374 718 216 634 692 257 448 505 238 80 643 203 670 292 615 206 340 407 49 19 621 43 304 545 177 25 554 390 273 173 237 737 713 594 253 430 280 414 466 349 742 65 420 103 694 393 728 459 364 563 707 547 433 674 356 596 111 295 232 113 243 477 431 694 567 167 745 681 607 445 457 117 625 136 97 593 569 304 
510 75 679 746 370 569 412 249 517 680 197 350 306 434 92 445 560 660 156 165 375 21 179 405 718 412 274 451 403 175 693 553 228 441 689 435 486 181 726 284 735 322 584 717 115 223 214 165 479 26 32 320 356 245 19 733 152 665 583 639 325 563 416 323 541 685 363 133 528 394 488 611 651 74 486 412 310 8 179 630 435 479 97 635 669 359 99 708 586 584 354 368 159 635 515 402 68 34 517 328 
242 695 10 468 298 69 199 683 28 529 241 688 82 230 585 584 75 516 607 225 489 726 395 738 652 695 251 694 248 239 571 226 397 450 338 176 329 249 637 572 468 154 171 553 213 589 330 141 86 327 393 317 218 136 172 639 166 223 372 458 712 96 274 54 306 218 198 214 57 86 278 549 333 462 653 544 281 374 748 251 9 318 595 389 577 494 462 678 517 417 285 608 733 0 171 28 482 256 318 644 
451 130 183 91 334 248 623 98 645 520 69 630 691 190 495 179 683 703 356 236 558 96 132 373 259 620 446 60 322 460 89 416 622 456 10 677 241 661 161 311 38 682 373 461 718 609 628 563 388 280 316 644 458 545 557 641 323 420 344 391 138 480 669 314 355 256 502 311 561 583 653 591 349 151 91 702 452 616 474 554 628 519 615 733 601 724 580 666 153 213 193 675 337 70 613 527 524 676 716 675 
576 324 361 506 627 741 697 275 292 732 482 716 532 44 127 130 433 276 241 271 119 567 421 87 333 696 478 367 478 533 324 726 648 587 67 186 309 46 305 341 167 604 49 319 85 6 540 354 139 498 547 184 744 135 520 559 280 7 516 458 139 596 84 442 605 555 715 205 725 488 589 82 275 376 285 702 465 616 410 536 231 424 414 539 179 608 368 255 423 306 735 369 389 519 564 715 33 37 1 437 
644 317 41 398 572 302 270 305 239 631 357 437 458 173 531 249 246 494 353 560 715 132 265 697 481 697 418 280 115 553 52 158 158 545 536 442 307 384 46 205 329 404 351 375 327 651 16 404 391 592 267 130 395 380 296 2 60 121 183 520 234 323 494 250 87 261 709 105 734 728 339 370 603 565 177 654 135 621 168 692 219 532 699 607 536 426 391 120 428 309 442 608 103 207 601 479 604 100 388 245 
148 444 642 348 564 288 467 63 741 558 71 442 10 221 317 100 640 322 383 333 276 627 95 218 172 241 431 430 542 275 372 28 352 13 93 78 343 292 456 380 222 348 707 66 147 126 428 511 539 516 38 716 472 432 675 512 414 679 440 128 105 8 633 52 189 650 349 582 277 410 175 365 449 324 557 363 191 295 367 438 340 685 603 524 257 445 530 104 96 201 601 399 458 120 439 669 510 442 232 556 
527 466 38 553 48 227 514 505 609 535 84 486 655 382 24 610 11 165 590 126 257 359 299 721 103 723 658 252 189 691 45 243 193 615 509 428 222 245 244 744 474 231 97 262 637 640 445 429 557 633 385 486 194 727 406 445 469 709 472 626 159 145 76 331 35 590 649 495 145 495 322 741 569 81 556 344 697 635 244 59 56 739 9 38 745 464 739 5 374 334 663 137 306 427 258 570 686 115 369 266 
535 269 326 26 747 596 625 78 18 739 265 194 111 113 407 392 484 731 118 223 61 75 381 117 613 140 559 583 168 281 147 449 129 60 514 194 90 311 601 532 309 271 15 418 235 734 85 664 568 311 7 59 629 44 555 383 532 531 594 380 696 202 558 9 426 229 378 285 33 574 364 506 320 672 18 133 276 641 706 184 119 738 640 306 102 111 479 741 592 58 15 72 609 77 260 200 480 142 90 133 
670 64 126 342 56 366 499 680 293 168 175 58 322 652 681 647 410 191 533 515 276 343 601 161 366 607 725 475 603 536 556 481 237 215 431 316 548 706 345 216 218 158 66 338 384 408 510 348 592 63 443 232 661 684 648 211 354 578 293 508 346 631 648 155 123 82 137 740 99 435 210 2 375 104 449 137 252 55 205 99 644 15 735 690 46 73 636 231 135 603 404 9 105 272 436 673 613 204 506 130 
287 530 450 704 259 704 330 230 431 554 347 638 151 380 67 423 521 666 275 277 356 73 526 177 727 266 207 314 645 241 310 38 484 339 365 608 743 41 729 453 434 23 694 144 122 319 147 200 467 45 709 560 609 438 745 178 620 368 693 570 67 358 439 451 46 696 457 65 602 454 49 338 47 30 473 364 744 306 530 546 273 504 580 414 127 196 265 664 486 204 132 495 100 533 383 412 391 574 459 103 
507 577 204 442 79 105 109 664 56 341 353 704 82 465 482 253 32 655 301 77 493 136 152 748 390 325 429 685 676 376 320 348 300 411 547 39 114 168 8 48 525 237 124 185 598 347 418 650 103 684 487 76 621 166 405 179 686 85 497 462 616 717 440 531 447 462 194 407 530 71 278 390 220 654 626 742 265 677 198 29 511 465 738 522 607 276 237 167 201 442 557 300 149 355 164 252 73 535 376 560 
706 342 490 379 192 222 29 592 333 694 490 666 315 688 551 333 746 558 660 286 500 620 443 115 54 513 90 480 192 9 639 15 533 221 431 649 327 209 67 474 542 602 732 206 234 410 556 145 574 333 239 154 540 641 39 435 585 321 228 557 475 330 629 527 688 612 571 146 150 656 556 597 675 480 578 202 162 461 683 62 646 352 648 298 470 282 361 452 536 342 572 441 235 217 93 86 396 558 379 457 
150 381 662 691 38 100 130 523 96 220 209 459 64 24 598 132 313 456 457 611 475 79 582 481 210 220 89 418 365 354 523 501 632 33 116 186 692 434 170 441 193 140 476 199 166 187 233 153 713 46 740 131 724 182 685 323 490 702 510 289 365 167 619 392 615 589 14 52 528 362 482 314 534 723 443 612 368 626 142 213 275 570 742 466 670 530 485 54 578 514 598 128 388 379 499 520 488 536 519 208 
369 709 317 658 324 494 386 68 72 69 150 316 191 537 272 2 665 645 91 98 416 161 446 407 517 264 729 453 50 706 394 329 386 211 353 301 424 328 678 387 459 122 527 571 81 52 742 219 642 728 292 227 53 367 190 598 542 579 537 89 238 193 695 361 504 68 737 481 355 392 525 142 729 353 30 438 700 15 197 510 520 210 590 372 444 226 356 394 61 453 403 234 131 669 618 468 406 373 332 52 
490 380 215 663 126 543 345 283 253 102 426 24 261 361 707 565 685 320 244 222 214 499 274 530 465 616 669 282 47 163 233 222 666 84 368 494 134 580 374 287 508 320 655 199 335 238 345 190 550 345 526 34 628 451 24 253 633 582 708 224 695 654 715 571 73 323 437 472 310 334 504 558 679 486 623 387 268 216 122 0 431 45 239 746 455 29 497 749 188 120 638 418 601 509 22 27 76 226 490 96 
669 586 299 266 139 462 168 266 40 707 404 389 362 419 199 31 390 93 267 570 517 151 749 274 313 280 361 160 414 236 412 694 566 311 61 472 150 155 264 196 246 730 741 581 590 316 571 279 651 215 92 51 507 84 395 637 365 738 405 156 232 319 651 290 332 145 536 374 113 550 664 290 432 498 664 709 429 127 641 402 229 363 478 431 594 695 11 140 350 558 546 56 103 543 24 130 103 421 440 485 
571 660 700 185 471 671 671 257 618 56 488 48 355 716 597 340 157 37 135 637 137 134 353 287 184 500 677 746 5 130 720 495 723 575 612 717 689 337 208 310 323 583 60 350 336 347 638 470 2 472 598 500 100 713 648 113 614 342 74 408 207 210 235 656 678 433 396 744 10 245 151 326 602 555 387 179 451 559 434 404 290 143 119 54 654 62 683 682 599 37 276 88 169 545 599 629 701 182 670 609 
341 88 664 665 362 539 296 409 555 280 323 630 589 517 228 127 703 320 444 15 306 577 444 44 88 144 353 694 413 44 417 644 119 239 287 238 460 738 729 168 493 153 338 702 106 396 308 319 462 323 598 502 239 282 306 238 205 246 273 196 110 343 631 413 68 478 80 647 638 75 249 534 383 229 497 44 744 587 537 448 419 335 293 367 134 56 205 436 283 520 601 425 13 408 727 737 152 571 52 542 
280 626 178 606 616 24 748 485 8 728 730 317 531 549 396 8 58 40 13 571 361 275 527 697 448 418 633 172 146 388 139 746 661 189 261 740 645 196 505 440 63 734 745 235 621 566 489 156 242 475 738 614 1 17 671 541 401 594 142 545 98 530 550 168 499 411 232 6 373 582 666 443 463 384 312 264 213 488 317 146 552 662 720 7 20 466 192 515 511 684 416 618 43 27 388 355 347 213 501 231 
551 249 560 666 687 198 471 166 604 6 642 450 550 411 595 710 296 717 372 119 81 16 645 689 60 319 5 702 686 347 20 226 648 621 247 115 606 45 116 493 420 291 660 660 421 148 635 404 178 595 284 168 531 213 405 295 268 525 723 712 653 628 327 59 695 623 6 201 193 300 719 514 240 193 530 470 221 576 176 505 610 551 144 368 209 226 301 690 26 208 41 40 295 394 289 244 477 552 46 421 
153 455 570 237 738 741 627 711 681 422 386 451 219 265 671 291 336 552 339 400 233 360 692 693 743 300 374 124 55 171 39 659 257 511 74 688 557 122 277 300 673 12 516 415 498 331 29 364 558 693 574 418 100 633 378 282 628 57 167 705 513 382 681 669 490 47 719 114 634 202 287 328 497 467 432 505 623 519 584 651 392 21 643 743 271 144 478 37 130 693 516 265 726 341 522 539 189 419 289 496 
678 579 645 430 553 700 49 169 383 7 701 49 33 432 48 378 503 650 624 76 390 277 402 68 309 57 690 512 351 313 472 572 674 726 341 171 419 420 364 522 538 441 175 382 296 400 73 273 542 606 610 619 173 674 639 381 417 737 168 418 398 478 234 562 129 560 545 428 64 181 276 182 105 392 2 518 138 643 652 438 124 411 500 255 418 327 123 709 749 568 228 239 373 669 141 211 326 678 625 502 
595 299 176 56 678 557 409 234 226 529 269 585 576 625 520 445 152 206 101 542 241 94 53 294 711 277 627 463 53 621 451 30 47 667 612 236 606 399 572 444 297 396 505 640 683 236 362 501 630 111 363 106 120 592 313 538 503 644 672 516 157 323 573 250 76 474 443 100 710 238 169 377 299 166 273 572 303 411 220 123 445 405 570 417 388 497 391 281 36 268 339 590 207 218 25 306 245 219 592 461 
405 376 22 171 515 88 553 335 34 279 451 613 596 457 714 404 572 423 351 199 163 635 74 604 98 329 22 425 277 214 639 207 596 240 705 294 691 689 690 333 285 345 411 660 278 485 370 306 704 162 527 92 683 559 372 233 233 427 260 475 515 298 153 640 729 737 240 391 447 56 362 28 416 111 371 40 289 2 192 62 625 185 380 376 51 170 560 406 19 444 654 190 480 405 358 619 237 686 615 154 
20 71 561 313 168 171 354 181 316 63 188 397 684 425 674 589 346 622 580 302 407 473 299 391 82 464 42 669 614 564 52 181 615 464 647 106 200 635 596 598 260 554 176 706 466 458 552 373 54 629 424 306 603 69 57 322 602 32 343 141 629 313 686 189 250 206 544 325 747 217 749 674 70 370 596 474 404 539 408 504 68 507 181 321 604 162 670 25 16 679 196 564 20 35 133 0 157 614 740 91 
588 153 214 701 195 2 431 332 114 617 621 132 405 560 558 4 164 451 665 215 673 34 419 745 120 511 497 52 691 51 378 295 220 514 108 33 150 736 33 489 575 52 229 469 24 206 61 732 581 221 749 443 579 503 147 455 2 716 58 656 346 207 608 85 470 87 499 666 414 153 317 49 219 437 508 404 472 357 293 117 422 8 62 415 379 609 579 255 744 536 316 260 309 516 719 555 134 121 632 480 
587 661 51 460 58 237 696 426 275 288 708 311 266 223 29 635 360 131 297 640 232 304 501 127 605 276 564 592 299 8 255 691 140 449 582 101 569 614 483 147 258 302 56 629 210 738 452 549 734 679 414 644 613 511 9 697 201 559 93 50 364 569 82 655 490 744 358 108 545 641 290 259 245 226 473 196 631 608 421 686 84 390 411 501 553 595 521 722 188 521 342 37 464 300 7 576 674 626 641 99 
547 639 701 631 629 272 391 605 211 542 402 180 152 497 385 485 727 672 77 613 313 574 140 610 260 684 140 532 121 198 26 199 666 518 320 197 746 124 360 200 105 718 667 567 589 724 193 569 118 37 40 132 483 244 488 369 435 304 575 235 202 644 205 518 226 689 448 529 321 547 227 545 8 435 614 202 685 430 81 482 699 161 384 410 244 551 132 146 216 730 354 19 376 657 723 170 95 452 301 587 
453 152 454 478 408 243 662 595 637 462 392 224 501 713 368 201 281 360 219 12 84 171 468 268 313 8 421 504 721 308 344 646 433 309 338 33 569 567 407 125 748 266 248 245 545 484 683 607 688 82 211 255 278 51 621 73 18 68 23 89 463 162 278 157 176 183 258 556 720 544 414 508 31 546 425 749 392 34 215 121 219 456 134 685 614 687 504 591 173 177 302 15 317 138 195 404 736 535 690 553 
442 455 482 612 373 605 477 193 629 261 319 337 263 712 400 347 145 126 256 601 637 295 631 376 229 749 228 291 324 671 660 359 49 42 569 160 299 538 576 541 98 314 601 469 587 178 431 292 164 558 461 19 390 656 713 448 705 705 153 324 311 406 558 471 363 711 157 708 226 486 476 453 450 250 79 350 647 13 321 288 326 584 423 595 301 322 351 65 738 431 249 182 724 687 360 161 517 330 386 735 
496 400 263 364 326 519 238 204 5 614 442 89 222 53 408 716 131 367 665 260 632 688 490 112 195 202 371 469 149 389 652 39 340 44 123 694 139 54 294 299 686 228 517 471 1 653 152 660 84 228 622 90 680 24 552 462 52 220 479 638 152 114 742 588 131 440 289 348 114 196 665 134 32 429 366 695 606 591 586 517 235 370 272 97 2 612 91 522 223 552 671 182 481 620 250 651 630 513 109 6 
694 197 481 701 328 17 376 243 485 714 608 304 532 32 514 523 187 51 715 612 100 72 519 565 95 470 664 438 276 622 17 562 402 274 592 201 37 424 52 133 91 12 600 603 618 52 564 667 618 137 262 743 394 234 156 58 711 171 687 207 146 529 543 131 748 52 507 690 438 588 674 50 439 457 356 651 7 562 717 281 718 577 718 745 295 1 566 617 105 623 277 371 441 505 17 98 515 585 291 518 
542 531 680 4 512 200 172 22 620 471 388 599 132 22 122 82 78 164 351 716 540 172 533 466 537 631 383 105 30 374 120 266 212 85 282 686 141 32 42 692 38 284 303 648 331 570 658 573 463 60 410 318 572 611 576 126 199 283 689 527 124 560 723 276 453 570 600 580 125 210 176 474 444 552 23 654 62 212 226 442 26 103 703 639 300 659 722 590 334 436 258 689 172 17 688 63 463 462 493 116 
39 167 714 568 485 82 708 78 541 382 460 210 265 470 597 344 274 179 470 19 273 553 299 708 53 261 427 283 61 474 11 749 16 479 566 257 643 548 333 156 79 197 210 610 588 448 255 391 157 513 570 607 721 196 106 168 440 255 460 136 439 383 696 401 179 204 305 251 111 668 488 606 673 482 506 405 508 587 169 452 584 631 721 254 289 471 284 656 492 388 595 481 235 526 494 265 692 293 717 554 
669 419 330 385 432 673 112 529 498 496 184 474 730 1 317 430 230 47 557 516 680 461 53 82 204 71 397 487 724 409 326 115 43 392 98 167 455 703 490 234 387 347 709 335 278 445 704 221 221 635 177 556 248 486 286 233 515 426 515 499 238 90 118 698 94 187 129 666 327 666 318 716 393 357 519 470 220 253 726 317 277 10 51 591 159 639 715 419 222 384 254 186 451 357 727 187 311 485 342 563 
195 299 509 216 427 89 221 267 499 177 429 584 392 488 379 653 492 272 690 462 39 226 156 454 142 657 339 604 104 508 241 28 246 69 635 363 274 597 471 364 174 323 304 700 663 452 714 64 508 164 296 50 321 333 291 177 326 312 538 322 543 45 177 713 657 86 256 176 339 33 58 406 254 33 308 217 311 341 422 96 548 273 349 244 80 609 598 518 276 412 639 586 35 423 316 563 378 157 180 507 
723 344 68 255 59 306 99 571 267 411 238 42 475 21 331 242 735 543 131 556 342 136 174 260 715 304 405 686 650 533 113 113 648 287 705 45 685 107 66 71 300 673 476 165 374 204 455 557 61 126 707 445 629 662 623 560 325 123 62 497 740 126 491 570 11 629 487 127 212 523 297 126 389 487 0 481 657 101 168 361 25 720 547 503 714 40 164 375 742 129 216 150 651 259 238 374 314 269 282 91 
50 88 346 0 619 8 306 242 509 132 64 192 218 210 684 106 36 574 245 377 24 613 398 477 484 217 223 90 736 115 540 313 330 319 501 609 714 701 458 703 86 411 540 175 155 276 697 348 220 171 458 408 367 465 700 389 273 714 32 438 613 601 25 586 10 586 694 206 91 326 598 108 392 466 370 358 725 160 90 522 735 703 379 183 607 583 567 228 147 375 163 740 652 296 137 278 749 477 377 199 
4 205 454 665 628 554 98 86 724 185 606 249 290 221 318 268 719 696 7 607 224 0 402 188 220 239 304 188 554 24 200 544 188 205 601 643 329 58 430 131 87 431 393 581 116 220 515 581 373 575 683 628 379 90 697 557 108 587 573 408 650 400 280 139 195 236 215 724 281 305 556 613 176 556 644 306 453 339 677 159 326 36 497 357 582 86 230 316 231 270 338 440 342 225 661 465 539 304 18 648 
278 69 400 489 726 552 405 502 364 428 492 215 278 494 508 135 736 58 363 231 375 516 543 633 135 583 625 625 568 695 600 86 157 534 48 371 361 166 87 214 405 501 332 742 550 352 321 288 324 55 710 474 537 399 264 749 114 183 184 341 597 236 115 484 28 331 606 223 631 459 380 208 136 498 549 153 123 130 675 146 83 55 66 283 301 249 591 71 636 428 266 419 290 335 49 556 274 499 343 628 
475 337 343 18 658 285 447 719 152 107 569 238 44 661 439 605 447 212 283 639 549 686 47 89 222 427 24 451 286 274 741 542 491 486 114 666 634 464 524 595 630 140 427 618 225 206 306 651 122 529 395 207 238 718 655 414 374 275 458 356 245 553 270 287 632 598 166 680 678 473 52 2 260 649 430 108 221 470 610 73 655 683 299 36 135 728 145 597 136 206 84 679 90 713 94 290 544 516 321 535 
231 16 426 587 101 599 164 697 80 340 257 125 474 21 500 390 658 335 592 407 272 302 500 78 318 238 615 97 494 74 448 746 223 407 312 580 387 728 475 199 180 701 105 145 703 649 282 483 16 348 718 51 199 747 408 200 148 327 375 391 444 650 567 548 645 457 324 331 241 377 112 109 650 581 707 608 89 735 583 318 444 527 30 540 480 35 52 427 626 141 208 460 694 721 230 429 493 585 542 60 
677 425 124 464 399 205 350 130 18 46 601 637 468 39 162 555 617 166 298 645 535 448 357 440 484 538 585 113 250 440 226 374 619 300 154 483 105 474 22 657 69 355 438 378 333 463 304 611 450 474 322 494 665 267 68 626 660 683 634 291 497 582 638 198 127 739 699 172 722 718 692 544 676 249 474 254 613 357 504 577 264 621 672 63 636 507 16 378 31 514 458 715 533 517 488 398 171 506 569 276 
479 195 260 211 183 143 493 499 371 408 99 477 215 25 671 466 569 274 577 479 509 702 184 29 451 430 666 388 612 250 406 24 360 574 360 465 87 211 40 296 729 11 603 205 616 688 547 317 61 566 608 31 645 229 614 724 99 378 314 720 717 322 721 134 408 736 74 21 31 725 543 317 546 226 749 220 672 671 573 182 68 632 452 306 417 137 289 204 116 455 523 83 145 191 50 324 423 242 432 410 
43 502 16 520 457 74 236 158 262 331 607 437 500 575 611 609 194 248 155 180 666 576 579 271 212 635 87 533 195 543 716 548 597 651 33 48 388 469 708 217 121 67 604 119 42 482 74 222 734 479 454 280 688 404 505 694 373 176 318 739 355 305 370 205 254 594 540 333 306 4 278 4 677 609 102 323 474 79 63 439 703 275 28 168 376 745 22 117 475 486 333 102 492 372 609 59 268 548 257 25 
399 252 275 495 211 481 240 346 509 60 462 745 423 622 69 533 197 138 47 459 521 689 50 71 518 249 39 601 264 308 312 295 666 643 742 0 449 734 468 506 689 527 390 444 93 591 84 495 430 226 731 690 442 297 705 298 335 635 22 228 27 464 376 748 111 358 438 216 508 265 339 71 332 526 447 260 583 41 659 196 73 153 658 736 503 77 399 239 120 426 114 441 480 150 220 46 547 700 537 462 
590 267 487 366 472 249 417 736 620 148 1 745 701 670 179 57 433 610 566 35 609 643 91 360 224 45 700 301 259 419 230 158 644 706 379 401 741 100 64 552 641 111 113 62 360 544 40 283 64 37 204 561 275 37 459 474 731 175 1 379 108 729 139 612 439 382 561 436 242 641 586 739 438 728 381 209 657 381 738 148 653 580 429 253 117 520 622 109 630 554 159 400 427 469 120 234 419 673 701 256 
136 402 394 237 713 74 473 577 472 305 221 222 331 469 153 475 424 183 19 529 441 84 24 469 89 190 477 535 203 695 741 95 75 321 419 48 304 16 671 487 690 29 632 13 153 515 174 99 493 561 501 49 93 654 46 161 29 373 694 703 265 184 263 226 266 226 721 583 227 38 93 571 222 282 350 63 66 589 68 747 411 582 156 371 422 502 258 72 419 675 7 720 256 131 160 393 391 681 127 104 
389 597 204 121 269 169 217 84 405 322 547 47 541 656 517 67 117 625 40 34 436 682 118 727 448 359 675 554 226 157 395 492 567 745 33 723 522 739 258 411 397 476 637 579 483 604 334 579 331 98 321 383 569 140 409 734 56 501 368 192 284 55 499 733 699 619 444 195 481 720 713 443 461 540 679 460 396 637 305 218 69 346 683 404 311 510 247 334 651 235 664 43 318 719 147 197 644 340 148 611 
669 36 75 256 605 381 415 275 197 432 130 167 228 13 469 174 699 411 194 547 210 266 35 543 640 640 245 377 138 650 207 747 98 736 746 24 8 93 333 597 593 110 653 442 416 95 155 219 506 641 513 187 388 413 571 149 103 535 130 617 573 546 747 684 73 117 615 258 30 383 89 252 549 185 507 465 58 648 35 355 567 427 469 245 692 254 426 74 317 250 156 131 731 625 726 667 440 137 37 356 
633 503 139 302 52 635 216 742 292 38 267 330 722 708 4 313 325 679 104 480 632 592 324 252 300 489 184 233 50 147 44 622 204 499 749 62 115 331 59 202 630 143 541 449 334 48 262 316 379 141 209 301 721 47 154 168 631 593 297 172 280 460 674 657 290 694 325 335 291 606 245 74 451 686 180 719 541 226 636 338 31 653 642 475 19 30 597 487 174 162 270 223 12 568 392 739 523 294 316 642 
642 704 500 242 334 686 572 151 739 697 217 329 458 523 419 140 193 382 567 600 594 488 155 168 187 642 648 726 514 225 540 540 231 316 430 460 493 186 437 738 647 95 279 576 403 354 623 723 244 355 698 339 658 422 107 235 3 260 339 117 729 15 629 42 186 41 425 584 266 596 612 483 442 215 577 21 37 327 705 353 656 166 569 101 274 360 381 409 433 719 81 12 525 733 29 411 121 407 523 339 
650 85 251 603 624 63 101 422 205 150 677 430 689 422 493 442 314 279 7 428 705 470 185 112 684 262 590 414 727 657 279 73 85 381 52 337 701 310 253 460 126 380 369 322 164 213 484 516 714 662 655 16 88 379 429 45 645 277 690 74 149 192 679 0 578 261 633 412 688 49 169 653 390 580 743 187 621 522 483 564 356 591 574 383 145 23 575 233 185 16 307 613 609 306 674 439 81 94 357 40 
641 324 469 635 530 126 329 346 409 239 470 518 531 175 77 10 175 409 316 275 41 29 501 7 334 543 184 596 224 12 508 151 657 318 203 663 470 743 700 180 635 491 301 357 150 601 98 312 503 451 76 335 592 625 182 22 76 322 324 528 718 706 166 215 304 179 656 630 8 394 584 555 196 23 334 451 17 101 114 493 281 495 212 500 70 245 93 337 576 24 176 682 224 198 708 151 230 502 272 248 
363 659 255 19 747 335 161 54 625 183 221 261 94 581 82 444 668 321 324 442 420 424 306 339 38 305 430 152 316 486 536 649 150 395 318 214 234 30 286 25 326 722 329 6 624 675 475 689 416 366 497 41 663 27 693 433 580 636 392 396 491 350 327 303 619 232 499 409 340 694 447 574 628 81 216 675 61 157 143 648 272 453 384 327 154 213 83 216 697 95 536 297 435 184 523 546 180 670 568 720 
309 324 366 49 197 241 688 149 96 119 76 121 133 700 557 745 264 326 387 134 143 453 104 237 390 296 436 336 634 697 161 441 410 75 678 649 623 171 455 616 218 311 440 224 702 2 184 729 104 389 499 160 275 183 220 637 69 115 108 521 707 666 231 355 381 336 267 464 319 207 523 214 184 129 121 497 174 118 37 677 380 351 280 709 414 679 272 639 262 322 33 548 728 457 330 533 55 99 201 450 
441 443 498 299 495 735 4 295 318 316 699 48 749 322 268 514 447 272 85 635 478 720 686 198 436 744 342 517 5 360 28 632 698 36 33 535 707 395 101 113 110 195 86 714 680 109 525 195 243 211 459 720 38 577 223 678 530 514 252 63 559 255 266 208 27 489 200 285 652 75 747 83 132 145 714 605 664 713 235 9 523 700 616 45 35 72 534 10 261 64 88 703 354 114 609 727 470 64 567 400 
437 202 370 671 375 87 181 351 199 528 642 32 150 77 574 696 570 346 439 639 590 486 500 719 34 199 739 325 247 586 334 502 388 561 719 480 5 552 167 567 327 413 613 260 162 421 451 527 517 397 10 561 102 203 216 345 518 411 551 576 446 458 305 431 694 453 652 468 309 334 202 178 342 635 36 508 486 675 179 149 291 241 749 460 74 162 550 89 230 635 621 337 297 92 576 530 266 554 333 709 
484 54 148 4 564 408 747 228 173 292 540 390 582 519 392 321 104 373 145 673 403 164 526 120 225 749 597 381 251 486 553 686 116 92 431 441 374 88 243 10 734 34 684 564 51 66 355 52 515 659 744 613 10 238 526 592 7 500 665 298 162 32 638 679 679 463 77 85 640 14 330 546 500 247 40 25 454 129 306 645 471 135 675 371 82 472 112 221 99 407 142 120 713 687 311 142 578 420 463 517 
485 165 669 379 30 51 152 308 534 434 593 194 328 729 327 166 140 228 725 627 592 416 508 653 409 357 546 130 335 298 527 593 343 218 211 692 453 394 649 222 60 67 513 466 313 431 708 433 264 246 501 303 472 232 289 670 281 627 516 534 401 473 61 651 174 526 84 519 341 254 510 579 573 112 380 278 63 276 390 668 3 496 45 325 149 120 361 255 418 526 357 651 115 155 685 732 671 621 367 264 
673 437 257 159 658 543 674 388 122 591 527 527 217 71 463 425 369 391 718 170 94 226 657 395 190 41 605 683 611 713 372 201 51 291 52 496 387 516 587 102 387 535 641 459 309 529 23 204 356 184 132 702 467 632 716 534 745 232 373 54 718 191 610 241 5 712 332 341 623 381 281 382 450 59 300 666 419 356 728 582 193 183 11 105 143 271 340 440 95 299 359 627 314 620 73 113 664 674 188 506 
23 646 131 559 63 659 673 532 210 217 8 149 580 134 77 655 254 421 708 619 639 662 280 709 210 262 686 737 589 693 260 463 230 19 210 301 577 411 544 230 657 703 67 314 700 60 153 113 243 217 37 700 204 518 186 92 454 540 608 313 512 583 249 245 449 133 578 178 275 668 478 672 471 316 499 159 534 80 105 211 575 506 459 413 524 660 227 286 207 553 176 715 521 717 11 47 621 69 240 346 
74 343 676 502 139 23 422 599 276 72 706 181 670 564 105 626 204 140 599 305 66 365 229 454 113 14 662 161 499 280 150 601 305 412 400 371 421 199 381 404 280 13 239 280 325 114 37 59 544 590 384 416 204 433 271 574 210 721 186 521 572 452 496 606 416 164 748 629 154 398 619 228 482 386 371 231 26 18 33 533 182 687 728 642 34 389 591 75 337 630 185 355 105 199 414 126 69 430 146 683 
361 102 616 366 282 41 101 728 67 606 87 509 213 418 341 705 277 602 605 258 696 577 57 141 190 278 238 298 477 586 642 393 141 740 65 178 453 587 495 483 34 634 177 335 574 566 569 81 662 273 231 97 149 461 283 59 120 158 54 396 350 339 577 351 137 667 608 447 138 443 466 448 482 749 676 693 659 741 36 536 673 144 585 399 193 223 459 331 268 738 629 28 465 187 411 674 692 650 585 275 
195 323 527 575 45 313 492 117 200 83 3 17 585 310 285 575 703 135 748 125 243 307 175 689 313 159 418 428 747 632 338 648 313 289 490 286 346 348 716 64 642 310 274 727 717 564 361 710 725 514 145 385 448 655 641 747 237 144 454 737 211 539 371 461 112 680 550 259 567 359 119 542 15 415 525 409 106 624 41 184 447 451 742 19 290 678 442 168 740 26 243 406 305 403 423 388 118 377 431 690 
