440 303 575 354 113 265 749 428 10 314 179 0 730 113 429 586 8 95 67 630 309 484 703 216 383 65 642 652 193 5 614 487 671 541 1 424 74 238 619 598 329 465 534 507 425 738 97 722 392 402 368 541 557 399 5 161 626 90 480 435 13 186 453 304 326 298 111 226 369 156 353 9 138 31 24 408 288 629 136 397 317 220 341 54 259 422 642 479 424 660 507 28 536 676 17 676 631 279 362 18 
112 315 738 227 37 254 682 246 421 281 272 138 396 649 37 401 624 670 707 134 399 528 6 81 504 690 671 678 87 15 651 560 72 186 408 613 97 348 253 27 742 114 511 283 713 583 472 316 198 434 71 673 68 173 149 656 317 531 593 470 126 527 576 6 87 327 235 113 606 320 393 208 288 365 437 291 120 221 286 195 161 611 432 222 258 628 76 122 187 712 24 541 488 394 642 298 147 9 443 538 
623 450 205 480 505 270 194 471 172 219 584 418 66 291 536 243 513 670 585 239 199 352 228 731 612 435 15 22 115 624 315 746 464 309 164 693 169 616 206 657 731 577 665 599 31 399 153 44 363 381 382 737 593 744 322 694 675 10 612 749 186 668 162 499 373 726 496 221 411 669 475 91 91 533 222 283 383 341 649 251 360 351 177 58 211 55 675 184 144 484 704 281 714 116 622 301 405 552 88 614 
266 30 295 540 49 348 427 496 464 93 438 86 523 695 266 150 247 127 259 270 201 266 278 103 133 548 363 61 82 414 467 124 374 246 276 407 659 558 312 179 572 70 457 607 110 301 461 352 264 423 569 154 230 55 746 416 36 185 631 17 412 693 143 502 723 253 320 394 225 474 157 561 306 101 243 719 379 580 684 505 448 334 663 587 407 22 452 652 331 173 465 224 138 600 269 661 710 358 139 550 
272 430 114 262 688 632 125 124 327 219 318 669 619 389 162 402 658 146 666 695 332 29 735 319 9 547 710 19 65 277 243 507 345 51 321 658 306 251 191 410 721 427 694 599 184 241 229 29 612 682 566 355 205 697 51 36 528 523 224 689 120 403 719 515 674 452 556 570 153 241 396 211 13 439 533 731 668 217 340 233 169 140 66 698 735 227 408 195 680 275 266 733 113 250 432 352 311 306 523 249 
58 720 218 279 441 512 271 271 523 54 16 379 197 303 451 235 329 627 39 444 424 54 716 447 651 471 74 182 726 526 144 219 237 749 683 430 250 661 737 87 727 342 374 162 336 516 454 694 263 493 508 303 219 673 172 57 660 665 618 733 425 565 480 413 544 298 663 580 616 192 489 49 453 614 504 73 675 342 520 269 183 366 710 317 46 163 336 523 486 15 361 65 152 670 40 517 649 193 287 459 
273 702 445 707 189 276 631 242 363 424 219 316 69 657 563 149 338 403 409 254 293 400 131 89 639 325 27 379 610 663 247 416 137 28 289 345 61 162 504 378 213 355 604 211 56 206 34 83 531 722 735 408 171 338 101 277 583 37 305 349 640 137 65 93 413 29 560 410 65 223 149 237 324 344 349 528 152 202 164 160 333 29 604 290 541 236 721 722 221 643 148 475 20 143 290 503 26 126 280 134 
66 56 440 193 555 532 132 39 177 265 543 576 134 220 217 457 426 660 236 581 242 198 313 503 668 119 67 741 422 708 595 647 33 679 278 720 461 408 735 732 396 171 570 73 649 464 219 411 507 550 737 90 624 265 447 164 104 644 32 231 729 12 384 59 554 502 392 320 101 430 671 543 370 86 440 261 510 492 202 392 298 267 556 339 527 251 126 384 504 722 688 233 115 708 184 218 587 576 57 649 
326 115 114 161 569 564 389 546 117 21 383 566 683 336 142 265 132 535 123 290 109 728 44 86 501 311 461 648 746 609 322 409 650 238 666 666 579 72 6 202 377 544 727 569 451 630 218 583 644 268 619 261 318 215 190 729 511 593 109 343 424 698 85 652 627 346 108 411 323 462 132 104 163 594 92 536 460 722 52 665 200 663 279 317 382 338 29 668 19 316 433 528 208 118 538 513 314 262 415 447 
111 229 443 134 641 712 497 478 220 52 742 676 206 152 353 520 400 680 5 524 156 65 237 340 37 728 668 438 221 81 491 20 641 42 138 617 137 730 423 733 328 238 199 132 92 726 631 340 401 749 93 733 306 651 161 689 698 101 254 513 376 692 383 96 463 211 533 138 538 3 530 476 36 4 590 613 490 670 488 217 458 388 128 563 70 208 599 162 604 180 156 116 46 721 118 586 192 688 685 379 
198 126 138 189 661 245 432 335 514 219 33 572 282 403 690 364 305 92 84 563 284 68 11 461 733 335 116 636 655 543 729 644 457 20 514 284 447 519 16 42 72 224 283 256 492 205 722 122 586 202 597 394 137 238 302 376 692 494 493 357 476 560 613 280 676 560 83 353 450 22 714 346 268 487 684 589 254 112 658 333 7 14 294 623 434 342 289 525 417 648 312 25 685 128 330 234 669 233 486 258 
153 72 192 691 462 101 147 622 676 367 49 380 418 669 496 703 47 417 27 347 384 284 8 701 628 292 432 574 518 462 521 256 586 179 429 622 2 220 223 373 431 51 220 725 371 173 482 14 486 663 649 703 308 669 518 323 92 240 20 143 294 514 132 121 684 712 678 709 4 719 142 22 83 473 292 665 418 40 678 691 362 400 565 253 175 339 401 617 415 63 251 421 285 628 279 310 291 229 523 697 
306 14 330 251 294 280 695 293 637 500 221 13 409 374 15 700 188 356 681 703 605 247 81 684 68 102 9 746 277 395 111 609 728 80 392 691 99 294 175 371 570 613 659 544 245 219 552 152 539 39 60 722 239 452 61 76 423 471 602 297 689 317 613 47 329 114 609 436 188 226 56 157 265 464 469 745 57 714 485 281 188 16 633 224 30 210 734 555 148 82 266 587 693 190 299 735 456 621 441 531 
548 178 150 559 222 642 590 329 705 541 241 555 566 384 725 14 332 709 257 197 512 36 602 166 307 187 198 458 141 364 545 272 343 180 371 285 746 744 336 723 382 274 2 597 89 70 36 77 329 14 528 356 519 210 708 286 400 301 399 101 702 111 468 100 335 129 443 158 342 176 736 516 154 647 285 305 445 237 267 379 347 379 543 291 713 521 543 679 732 217 340 652 160 207 723 723 641 318 132 298 
271 581 727 70 721 529 145 198 308 592 223 70 577 415 611 286 587 358 506 29 179 530 718 374 325 700 480 533 497 497 2 460 279 414 729 656 638 453 186 609 533 596 710 530 50 443 565 264 373 187 233 1 490 438 540 167 689 236 109 384 45 468 426 680 616 366 518 66 61 586 71 236 571 504 391 359 717 85 569 426 339 229 731 459 747 332 644 745 552 676 137 600 224 532 323 395 17 190 603 468 
284 741 312 77 36 94 159 619 595 731 314 374 688 463 455 215 187 708 412 440 413 179 39 218 399 57 439 303 206 376 383 86 220 652 662 244 314 399 318 288 341 299 569 742 394 676 36 29 634 258 253 398 527 690 484 224 37 354 301 506 639 473 223 20 387 445 684 667 9 245 119 111 714 439 648 528 202 413 552 181 314 309 154 79 384 398 516 551 721 125 510 403 297 251 414 140 187 119 558 622 
532 697 471 532 375 192 428 48 41 473 473 363 558 280 666 543 210 529 662 655 624 196 734 240 627 559 140 246 109 580 454 239 692 147 480 657 57 433 578 233 112 199 502 251 262 83 649 469 271 335 106 615 89 100 628 598 583 501 67 122 279 177 123 441 373 207 162 380 412 520 80 561 367 189 464 434 32 718 225 597 246 94 215 549 25 694 0 140 83 668 736 233 460 79 109 2 659 47 730 739 
412 660 210 378 746 618 168 36 289 576 594 734 375 585 546 738 231 42 381 108 589 249 650 43 234 683 534 564 138 616 323 274 395 705 557 112 427 96 562 596 290 741 52 37 594 152 303 462 143 64 630 115 491 384 259 681 85 474 532 65 615 596 242 223 626 199 288 5 303 330 44 119 484 668 121 10 364 643 169 148 281 125 687 52 472 289 406 546 370 630 600 61 188 732 268 541 666 522 580 399 
557 14 688 341 614 436 455 243 630 144 470 260 285 443 537 712 681 155 128 160 47 182 244 654 633 541 289 128 235 264 170 236 92 651 744 164 353 334 464 655 76 68 711 675 700 411 439 684 274 496 641 605 425 338 51 314 305 511 693 585 651 374 662 522 278 216 126 489 454 7 356 229 600 317 91 733 389 564 233 392 121 549 90 122 722 733 132 611 203 478 475 33 624 686 132 345 42 475 745 183 
40 238 435 587 393 86 738 511 103 93 554 589 385 627 296 169 486 69 180 394 387 261 396 502 693 499 505 162 496 521 584 64 356 6 529 626 113 343 209 534 227 545 115 165 696 283 295 633 406 27 447 395 381 191 574 724 59 196 516 241 252 132 142 127 266 125 50 612 404 311 255 41 218 445 156 538 384 92 730 692 522 662 197 182 449 636 74 679 735 319 159 667 679 683 79 638 4 120 415 161 
164 239 252 451 203 388 461 226 86 673 259 147 744 399 58 115 373 276 190 49 158 356 563 179 131 536 466 525 424 140 141 203 526 184 77 688 411 662 681 615 660 149 133 338 101 73 182 712 155 494 309 693 369 127 77 506 466 58 549 200 231 204 268 500 361 193 747 121 657 444 687 137 178 669 365 749 262 212 19 747 535 0 80 9 225 130 149 299 528 464 543 291 252 259 438 164 543 67 208 68 
393 285 218 324 737 441 97 98 462 179 561 652 503 491 531 3 521 272 540 740 128 651 531 606 201 176 281 371 200 687 85 331 727 196 554 40 669 374 646 605 607 533 414 384 307 476 365 469 606 616 535 626 101 596 351 473 126 396 42 666 410 671 196 642 46 526 487 267 541 207 544 153 189 203 428 287 409 700 287 381 266 582 732 69 285 31 462 597 463 356 243 405 272 178 60 717 700 280 691 16 
677 701 734 70 590 10 280 0 46 452 70 429 607 261 559 548 450 229 38 736 535 295 700 548 660 107 564 488 351 409 97 181 115 125 353 457 4 235 211 533 635 562 274 19 583 657 471 359 692 202 146 527 234 199 60 133 358 415 332 567 516 699 163 724 650 20 664 77 70 461 504 689 172 579 65 273 575 162 733 609 520 41 47 627 354 103 12 498 729 67 627 568 385 111 713 435 598 185 427 442 
743 249 737 408 331 381 556 743 28 40 442 24 467 288 717 352 62 256 40 131 298 550 159 35 463 533 347 226 224 746 298 462 112 16 68 427 293 586 72 216 278 265 183 663 356 312 525 42 357 545 191 570 401 395 103 747 664 209 710 534 300 548 626 581 124 104 700 80 260 581 331 460 45 634 176 182 402 508 16 714 611 499 322 449 338 137 238 142 714 304 26 682 598 729 422 659 109 726 146 304 
366 87 498 408 637 169 631 268 402 740 700 315 116 36 335 470 380 69 94 200 266 361 543 560 129 452 409 537 485 523 179 349 320 21 414 245 227 712 125 511 599 217 212 297 234 731 462 450 87 61 576 291 56 362 343 155 139 421 435 505 90 256 703 548 230 598 81 83 382 569 455 548 240 101 667 75 174 568 694 253 219 202 319 59 458 395 549 19 360 60 331 319 63 96 634 349 526 338 234 22 
517 163 571 113 60 383 73 495 575 404 368 129 540 107 601 520 161 707 80 54 45 387 86 701 197 138 662 0 591 233 212 375 667 81 164 26 547 577 402 137 388 271 599 606 567 467 379 250 316 719 665 262 168 627 368 571 158 583 359 131 543 104 87 118 739 258 235 685 675 416 555 279 452 590 580 116 555 695 322 466 336 709 382 459 185 96 273 47 228 289 273 154 21 509 378 746 510 383 98 342 
153 195 55 165 497 156 299 601 744 245 742 638 72 644 13 43 59 296 326 267 276 57 65 96 617 29 208 455 605 422 148 60 697 249 427 237 65 224 538 176 378 344 666 166 233 601 261 530 24 113 514 281 558 507 656 316 727 289 701 600 25 323 536 252 255 153 585 689 124 369 392 695 187 244 492 166 358 345 549 715 245 94 700 337 736 741 63 526 414 418 373 325 172 139 244 684 514 273 644 610 
478 377 498 419 368 222 141 6 142 501 399 294 412 138 208 435 2 192 330 249 298 571 437 668 250 598 548 183 664 730 123 624 280 137 92 423 178 310 384 198 134 633 592 513 715 126 26 506 7 11 314 609 467 194 300 169 651 335 573 159 630 188 492 20 107 733 651 379 537 581 425 24 2 411 41 464 583 505 604 230 202 412 182 526 708 220 227 67 318 573 182 390 326 355 378 35 586 122 748 9 
155 402 715 196 266 182 132 557 412 437 532 435 425 555 378 342 386 411 516 314 366 263 320 700 166 154 123 673 17 400 269 399 210 108 312 375 334 682 100 316 120 164 118 483 670 277 462 391 530 518 75 563 229 194 10 263 35 56 230 86 34 71 127 489 652 364 221 489 233 554 722 583 360 667 292 134 229 268 217 643 705 279 738 683 11 330 52 604 375 104 610 674 640 277 527 12 666 322 677 345 
326 565 106 279 273 200 0 397 567 625 558 419 468 45 570 6 386 42 308 59 524 49 407 557 497 359 41 69 639 157 522 20 150 424 101 443 717 576 30 479 485 104 141 65 340 621 279 566 679 306 453 585 145 429 371 264 561 221 232 78 247 605 81 554 268 178 688 663 108 80 399 38 440 335 721 84 596 85 501 395 555 62 436 435 336 326 21 363 215 499 741 304 134 660 69 671 477 84 107 392 
544 37 536 731 183 156 345 507 285 592 68 173 295 367 305 495 731 597 712 548 675 666 272 363 179 281 666 58 100 505 392 398 127 84 82 628 663 475 105 480 405 250 223 96 104 138 617 433 435 586 551 551 312 120 573 149 304 47 195 636 348 229 676 281 462 594 53 33 159 163 674 3 208 264 172 294 469 230 293 531 269 714 285 266 84 666 437 228 127 234 709 741 572 683 366 259 660 716 179 216 
284 443 463 100 200 40 261 128 301 680 263 657 347 642 126 553 65 233 253 176 237 180 154 244 224 168 415 365 49 622 119 645 95 216 286 453 354 579 18 622 627 356 2 258 247 535 160 238 434 424 170 188 280 248 386 161 126 427 372 443 193 7 726 254 714 272 430 37 685 336 450 70 564 536 63 381 55 370 456 381 543 466 146 556 584 38 244 224 737 309 295 726 677 628 479 444 133 290 528 410 
157 342 708 214 595 461 580 158 71 397 491 472 309 261 241 121 16 227 225 667 317 605 572 742 325 710 605 61 713 627 258 747 720 118 333 476 609 689 178 32 119 621 190 736 40 100 735 360 663 445 238 672 332 480 136 120 657 22 706 706 706 10 93 272 96 493 635 494 81 721 345 547 475 54 99 575 142 380 558 25 97 188 636 333 567 238 498 318 4 105 80 106 194 326 83 324 492 36 30 408 
373 218 600 97 469 520 518 647 662 726 366 276 144 149 433 532 158 340 160 416 146 294 490 291 168 333 40 326 586 357 381 289 413 675 500 640 349 594 637 268 248 350 679 297 366 551 125 296 128 656 27 1 367 429 53 457 452 732 158 30 592 571 13 653 320 51 169 484 167 631 90 10 650 642 273 126 79 208 83 651 159 698 706 82 686 105 155 244 221 365 102 737 659 355 412 503 549 444 58 519 
196 504 407 657 541 610 508 416 316 352 140 74 727 131 189 449 128 228 38 548 595 429 386 669 225 122 457 558 389 305 145 468 693 134 616 159 145 690 303 366 134 348 522 490 217 748 726 7 186 712 427 692 488 314 300 290 213 561 739 714 32 548 739 383 404 407 599 715 588 727 355 28 75 244 688 573 115 744 398 476 371 240 188 216 705 549 501 219 498 151 564 623 292 693 405 419 75 57 224 473 
619 669 189 533 381 183 487 145 45 264 560 157 186 25 363 143 652 555 366 136 477 647 95 613 587 413 575 313 209 290 498 47 588 389 125 631 119 12 679 563 482 534 417 222 330 281 480 161 641 660 407 289 334 559 225 482 201 527 190 131 26 331 626 267 714 669 528 100 255 654 275 346 273 458 430 155 328 516 688 225 567 313 377 558 651 688 276 241 542 274 19 275 0 488 25 161 107 433 590 86 
59 540 408 714 617 82 409 520 103 281 602 453 716 390 357 355 320 93 713 350 634 39 358 494 359 19 469 705 689 490 301 335 522 623 408 154 615 123 672 484 653 614 226 198 204 426 241 225 466 355 480 271 355 74 102 351 48 242 714 377 41 545 675 176 138 632 283 548 690 140 136 295 426 344 301 526 556 59 486 9 700 617 650 146 205 41 152 262 18 265 713 67 631 224 341 481 386 51 202 298 
435 416 242 15 106 75 686 472 398 120 323 169 103 240 254 47 319 47 8 222 455 689 523 185 243 295 687 261 484 423 314 218 9 594 745 325 130 169 709 732 475 564 64 228 277 129 506 316 184 534 197 327 317 134 470 554 48 417 663 73 382 49 644 356 711 184 227 735 691 276 373 23 369 2 297 560 41 247 295 475 659 369 73 255 512 265 237 460 625 638 532 107 73 216 679 226 709 642 32 55 
699 322 360 739 100 205 441 603 507 29 690 262 222 311 253 248 201 537 237 159 583 413 367 317 463 59 67 309 59 65 332 245 318 740 531 12 721 564 475 645 465 451 667 381 453 525 696 130 551 626 8 405 237 625 0 575 16 663 402 263 365 689 127 29 216 503 387 150 208 630 424 92 480 280 688 717 319 354 660 111 232 20 107 332 474 9 398 517 413 675 439 483 440 639 661 531 296 360 448 449 
388 629 587 128 120 59 569 672 391 458 194 447 382 727 677 376 547 460 498 680 324 514 645 80 647 218 559 675 682 65 73 649 711 140 612 74 671 549 624 563 360 494 660 226 625 13 576 621 329 47 372 379 651 126 612 342 237 581 170 232 266 395 101 710 725 170 423 276 173 591 63 173 302 170 1 655 107 437 377 382 83 231 82 300 89 476 433 581 577 329 225 288 179 671 550 55 137 382 275 487 
401 48 272 534 629 676 648 734 673 45 525 173 173 326 539 190 264 272 73 499 660 183 696 65 268 486 330 574 719 81 697 738 118 273 81 76 643 301 167 85 228 728 412 492 315 89 160 183 305 280 176 536 95 274 154 563 423 691 66 337 131 174 299 693 608 410 734 496 494 266 615 390 590 562 162 35 95 187 230 173 134 557 387 131 93 140 211 632 230 160 309 398 170 282 218 66 373 394 169 422 
724 390 627 435 617 720 238 714 4 407 522 208 351 114 169 385 237 690 509 258 532 58 40 527 487 415 187 685 668 150 518 715 473 710 151 602 420 344 101 389 119 410 676 382 99 75 522 600 729 743 268 455 425 557 648 710 85 168 448 678 201 393 559 151 21 94 448 55 563 404 356 136 386 585 90 140 702 747 70 113 659 24 537 87 723 604 219 631 370 386 74 520 252 381 263 541 216 338 285 359 
378 71 88 497 621 391 225 6 59 52 366 620 718 668 624 369 262 169 285 654 548 462 197 323 18 344 281 573 327 397 546 644 168 113 739 498 742 711 388 89 736 347 639 623 434 698 167 77 345 13 521 432 269 3 730 709 467 86 439 473 475 365 606 604 507 537 215 310 72 106 627 598 85 566 102 286 5 493 349 108 299 655 296 241 263 736 178 436 303 437 32 629 367 725 222 33 454 355 387 139 
3 240 339 571 179 434 554 221 716 411 145 423 132 637 176 630 616 48 41 326 1 430 473 146 383 620 124 557 271 406 748 356 347 452 463 132 594 362 81 43 721 627 129 562 410 273 656 578 66 732 182 551 489 461 626 360 719 99 676 670 24 251 256 566 503 473 483 715 660 391 107 44 293 29 402 169 417 674 371 314 687 205 742 347 713 627 316 290 458 585 215 644 232 473 280 302 720 190 214 394 
156 34 21 735 328 378 589 199 404 166 421 461 443 309 689 318 72 373 511 207 55 658 692 387 417 485 383 117 656 114 263 518 404 291 174 361 606 74 182 725 433 174 335 183 628 507 253 364 539 576 376 541 585 555 353 371 87 436 57 443 299 448 246 340 690 525 274 94 208 443 682 137 208 609 318 17 214 422 742 21 218 711 734 210 740 672 721 651 3 465 454 15 29 233 682 376 289 266 298 344 
674 145 167 154 512 390 218 538 235 351 43 372 71 7 373 130 298 297 415 629 396 56 173 445 92 221 292 25 478 178 327 697 74 593 746 346 326 726 152 4 616 697 70 579 191 451 492 347 695 317 64 42 37 412 740 382 320 285 664 519 41 104 657 495 669 245 352 383 406 102 54 118 632 287 531 194 14 553 484 423 465 337 392 459 108 11 375 604 703 172 662 654 458 739 245 507 38 23 717 731 
454 275 649 550 467 358 715 25 640 132 367 372 266 346 153 261 387 661 694 424 61 303 749 76 21 225 510 219 648 723 150 456 447 46 226 204 117 232 703 56 209 210 660 189 104 675 160 233 300 635 6 587 374 277 394 31 700 266 264 600 332 294 469 742 347 685 115 682 255 478 389 28 78 175 21 264 375 648 290 405 59 218 585 33 720 27 612 312 240 127 265 70 31 80 591 52 102 271 249 285 
101 734 461 68 611 612 559 275 597 391 462 208 383 304 80 171 514 682 31 345 120 506 218 726 320 81 457 0 164 677 26 527 67 566 152 352 654 422 37 62 619 243 408 155 708 455 620 143 75 10 559 355 308 232 736 668 376 169 572 231 738 12 273 141 613 675 291 689 541 507 419 431 214 182 655 576 456 330 460 290 577 150 110 667 522 551 344 694 230 427 500 258 232 411 707 93 104 194 717 417 
130 545 76 440 705 57 558 112 303 325 316 648 578 686 212 203 701 557 547 551 300 7 603 155 322 67 47 12 527 372 97 10 476 257 362 291 338 395 499 559 446 127 86 490 473 557 191 703 305 595 475 485 410 524 71 618 422 163 115 258 220 604 143 506 424 619 488 225 693 93 672 473 267 449 112 519 294 127 397 253 48 540 740 389 664 696 100 135 452 655 469 429 159 724 647 275 253 112 395 356 
737 744 102 65 166 258 376 670 175 667 8 507 575 18 97 426 339 434 256 298 547 40 74 568 386 155 642 37 281 546 186 321 59 8 570 571 68 65 560 344 637 554 268 216 323 431 227 686 85 737 93 314 364 608 75 648 634 30 293 327 62 721 407 723 314 542 207 616 578 135 272 143 56 340 444 249 715 742 26 728 132 564 11 705 12 602 43 629 686 319 275 277 635 689 500 74 78 322 417 370 
612 27 314 132 192 502 367 24 157 419 283 95 636 480 458 538 389 610 228 684 249 688 322 622 492 546 637 392 49 20 688 622 746 323 670 306 142 122 428 270 43 649 499 508 535 224 191 537 593 458 345 453 342 438 734 411 465 199 112 389 511 175 32 704 385 324 213 701 372 691 599 139 23 235 336 154 474 677 495 201 743 244 731 24 646 248 353 522 517 237 455 497 114 508 39 570 365 696 282 476 
521 107 611 507 247 448 367 207 396 109 500 166 714 113 438 683 190 486 599 437 186 134 585 93 382 606 329 502 526 77 124 561 511 175 522 440 569 585 395 500 634 697 599 133 313 479 696 468 355 126 404 485 441 43 387 271 741 220 618 136 230 606 469 548 702 324 438 32 361 733 98 155 176 510 527 596 652 246 646 347 198 319 64 59 562 450 368 91 435 236 378 133 38 488 135 300 523 139 43 460 
483 219 118 188 76 23 532 474 295 380 391 236 555 355 613 619 507 95 268 97 80 486 683 558 553 679 227 71 308 633 278 516 569 197 276 99 507 621 725 695 562 98 428 553 686 431 187 26 509 474 506 477 213 621 112 25 59 679 168 156 492 440 451 309 182 308 319 586 301 41 458 38 41 397 715 147 238 100 481 402 268 123 390 707 669 503 344 245 398 495 400 725 347 83 610 48 425 469 388 599 
120 216 682 665 256 60 624 330 409 393 700 505 274 107 196 425 173 383 332 30 344 407 258 487 565 244 152 503 371 119 371 232 499 468 140 519 517 114 203 383 585 661 377 175 198 492 126 235 605 386 342 720 442 450 503 42 675 265 534 298 346 241 267 367 342 508 620 643 123 641 176 553 435 698 644 48 503 174 23 207 661 561 220 577 11 239 325 264 593 623 722 403 430 72 569 548 208 438 491 678 
89 731 217 32 355 169 605 396 137 235 695 164 174 81 553 391 33 357 629 685 51 459 13 338 402 625 381 18 707 519 128 365 205 499 676 482 503 684 213 555 748 116 396 552 117 294 578 535 316 449 692 593 723 281 282 6 83 186 572 537 351 419 523 476 243 565 43 28 210 208 499 425 274 466 255 358 11 169 738 497 600 146 6 703 348 525 681 625 262 82 100 513 525 713 409 434 428 376 544 11 
411 95 3 293 621 238 631 749 102 102 589 332 664 623 242 215 55 286 406 226 210 129 156 352 465 64 633 459 42 351 62 723 178 642 596 489 448 165 544 337 632 363 717 427 222 328 515 508 556 493 484 461 226 704 357 680 545 114 69 353 317 431 160 419 417 520 441 696 652 499 675 490 323 393 304 52 524 0 565 466 237 326 484 543 305 671 481 31 722 590 117 536 738 369 309 53 172 57 283 179 
383 732 185 717 423 261 538 491 559 368 114 400 299 742 539 18 714 203 521 731 129 164 26 724 29 422 195 563 88 202 622 550 509 685 360 566 376 188 173 410 51 183 313 88 602 719 74 318 208 731 341 479 429 613 355 269 414 373 414 567 451 331 560 471 152 398 682 728 652 559 23 543 209 26 453 42 586 33 577 154 295 441 542 245 492 407 673 301 356 742 741 453 145 211 222 487 437 238 98 667 
433 126 480 738 499 178 273 187 82 172 348 584 451 560 379 465 506 137 126 318 553 644 127 253 695 516 297 208 459 44 427 6 451 337 198 143 369 732 474 483 522 245 214 287 138 108 540 469 13 554 444 669 706 166 739 502 441 59 302 325 334 731 472 603 91 495 408 485 238 321 650 251 726 502 580 469 357 344 656 375 725 30 345 246 737 417 116 162 414 295 31 364 396 436 408 32 572 578 423 646 
332 50 323 117 365 370 396 473 544 86 234 231 423 380 662 580 604 68 280 200 196 67 591 698 215 337 393 65 39 435 294 250 290 601 212 120 482 647 675 203 689 621 28 15 275 524 23 248 718 258 645 245 503 164 130 533 150 153 745 673 434 593 171 575 544 393 730 512 490 38 740 417 199 48 207 725 51 59 564 406 493 206 322 193 478 727 649 157 263 628 211 594 105 467 534 463 8 371 665 33 
651 176 709 183 537 256 576 522 427 239 305 582 596 618 598 338 525 325 615 190 598 245 464 695 269 614 354 356 353 538 288 581 635 546 227 173 387 124 177 548 162 171 489 115 647 741 439 722 507 630 152 603 206 296 338 381 229 480 198 224 181 137 28 578 680 43 71 406 433 304 691 664 138 158 724 462 302 329 239 107 106 293 121 428 658 560 150 716 712 704 679 478 152 183 243 623 426 486 723 198 
312 507 496 429 353 373 374 593 706 680 89 700 138 267 446 68 460 396 607 502 526 530 201 250 161 235 470 263 368 568 50 0 450 434 149 365 677 399 173 147 739 593 471 425 24 733 632 489 172 364 95 717 315 343 270 329 555 357 457 532 120 121 174 312 741 58 133 696 334 725 92 310 249 415 347 136 322 478 458 222 58 601 447 363 649 221 130 336 221 654 63 427 148 170 320 463 601 663 110 645 
719 732 434 350 337 244 57 206 192 695 552 431 364 251 654 332 178 113 389 221 742 7 159 376 324 113 215 169 127 5 421 579 507 422 330 385 647 454 670 655 681 487 33 598 110 1 672 290 194 360 149 734 229 515 227 41 335 204 439 692 494 378 350 388 549 240 170 115 233 712 131 270 405 96 134 16 554 7 332 294 587 710 626 240 525 393 710 50 544 440 59 627 272 656 614 639 297 737 674 554 
442 440 632 20 150 153 115 96 168 2 713 440 369 318 310 722 691 38 249 729 379 356 27 684 607 398 298 384 341 424 125 103 124 601 726 337 289 466 31 566 700 745 519 236 674 230 507 462 580 463 124 603 406 730 72 122 95 8 260 623 104 632 598 438 78 647 442 372 313 199 497 269 130 445 400 156 253 383 314 553 262 595 565 196 311 196 429 549 85 109 479 36 150 652 463 624 110 592 724 473 
622 223 727 577 641 695 185 658 441 639 374 743 257 495 228 715 399 261 451 442 415 385 632 341 159 399 671 522 294 202 191 455 678 483 157 248 240 253 665 112 17 213 676 540 661 157 696 583 330 393 514 53 387 278 553 132 148 177 715 90 175 269 391 114 335 381 108 622 101 740 489 158 57 266 736 356 233 420 17 168 148 163 578 542 614 17 526 523 289 447 133 658 551 128 319 680 295 461 157 85 
166 248 72 349 7 329 632 649 543 95 95 344 2 52 359 343 657 575 529 309 105 97 294 80 419 600 110 595 436 390 213 177 134 144 168 737 736 325 719 709 89 283 102 643 659 179 419 244 298 248 699 748 492 602 73 582 605 68 400 539 168 510 691 698 671 104 299 325 681 102 180 444 643 629 67 585 741 591 100 148 105 554 584 85 712 416 694 737 77 652 432 136 321 284 141 334 697 23 612 296 
167 647 30 326 733 15 232 653 290 455 571 237 117 286 464 245 132 60 658 432 614 531 411 444 99 85 335 354 153 126 430 314 600 570 57 642 370 131 247 46 382 598 47 96 358 64 262 134 6 501 580 121 462 124 703 20 536 442 662 338 415 625 41 31 80 426 329 562 15 410 498 146 49 736 535 341 374 495 577 92 190 327 30 409 621 640 156 120 575 544 35 487 127 273 644 525 221 641 28 574 
457 322 724 66 105 510 105 185 161 444 205 208 409 69 462 680 577 332 725 716 241 432 412 530 458 580 363 612 361 298 343 744 630 364 130 636 308 185 389 728 504 84 352 501 260 131 375 418 551 208 363 728 700 361 100 348 258 99 255 17 640 86 543 206 26 555 383 652 460 646 64 580 622 560 189 227 710 40 274 189 520 513 131 560 448 170 162 618 666 138 317 236 546 673 695 208 372 208 25 572 
59 510 385 470 291 629 28 587 343 748 14 660 446 321 88 28 158 145 492 620 42 28 711 213 11 294 154 602 616 354 294 374 147 460 117 242 487 716 625 231 329 596 10 577 509 713 686 718 318 439 279 713 246 412 24 322 517 397 110 15 206 336 393 485 425 125 603 539 440 359 186 275 32 103 436 521 178 43 55 396 72 618 22 88 645 651 59 171 699 285 294 229 597 288 147 509 462 504 749 85 
115 65 74 87 74 641 582 136 643 402 522 45 630 636 33 521 305 150 241 334 276 454 483 304 693 563 347 269 164 43 23 705 501 385 314 697 308 274 479 721 76 461 590 111 125 372 150 653 64 372 496 333 625 235 264 667 187 343 209 608 339 1 188 571 501 124 160 351 348 175 254 564 388 146 423 224 26 329 310 154 513 2 106 656 224 155 537 63 261 299 613 510 400 122 281 441 376 149 244 280 
18 170 597 129 529 637 632 280 689 649 206 348 731 16 586 507 653 379 747 617 61 393 169 679 611 484 420 133 503 563 660 142 458 14 457 155 363 161 22 341 554 417 613 587 247 681 609 521 361 714 148 468 508 110 73 585 356 626 304 551 367 245 447 618 427 600 379 499 311 446 41 681 467 555 97 92 127 522 277 100 205 374 60 158 722 425 61 96 674 193 655 214 367 651 19 533 57 213 435 85 
32 265 334 580 625 413 559 145 675 586 371 311 340 230 577 275 95 390 204 561 173 201 226 224 426 170 522 193 614 8 277 184 616 395 240 459 62 530 188 399 683 464 616 705 610 508 622 526 22 544 325 545 613 145 398 746 452 288 495 642 468 86 584 382 479 157 9 27 732 287 686 321 657 715 148 528 159 147 663 143 101 201 119 332 109 607 529 30 107 748 189 600 575 418 631 651 219 126 338 372 
425 717 386 225 396 264 50 746 75 671 230 15 484 218 14 419 627 78 590 691 252 530 248 507 80 153 203 491 706 171 63 367 553 17 380 706 148 451 63 520 222 65 166 559 740 457 313 716 252 206 312 659 59 441 548 266 658 43 163 538 27 665 257 548 145 55 305 549 665 229 143 264 160 402 88 93 476 71 30 421 746 28 504 214 646 528 322 514 446 533 437 724 293 525 129 685 350 555 126 29 
721 273 639 553 529 680 694 449 556 221 362 626 397 9 288 433 352 593 52 321 110 674 709 331 82 155 607 246 457 186 603 557 289 548 94 449 341 572 244 610 272 90 178 675 420 484 562 526 91 533 610 470 240 191 298 473 726 518 240 416 552 434 576 129 598 313 212 495 730 88 507 70 746 637 530 592 631 162 73 38 423 698 318 461 259 469 243 632 25 85 560 111 181 50 144 302 380 545 197 129 
679 201 117 494 492 612 145 154 197 213 324 291 215 731 655 10 499 281 183 569 86 367 28 662 437 319 485 716 85 69 574 327 77 255 464 310 370 20 679 47 694 178 381 280 54 316 547 31 122 6 316 428 182 615 727 384 36 254 569 647 203 410 402 209 131 215 272 347 656 641 717 194 278 453 159 257 512 392 349 154 413 1 138 171 607 638 509 341 382 242 218 167 174 423 580 434 703 492 556 445 
395 548 38 502 496 148 597 114 183 674 342 226 276 730 687 88 427 3 565 494 394 541 509 430 691 682 22 34 257 617 645 366 118 283 82 573 228 258 661 535 361 168 737 307 502 274 43 341 658 50 566 38 182 352 315 672 185 356 2 46 644 281 659 383 112 251 718 175 10 388 166 344 362 634 688 158 719 395 656 616 569 142 112 400 190 17 622 515 590 568 738 741 533 82 302 634 649 275 9 93 
712 63 701 140 237 361 496 506 707 529 695 239 167 667 232 455 731 215 160 609 76 517 179 299 17 721 16 610 486 559 447 60 359 472 204 677 257 157 152 41 65 733 447 597 249 556 613 279 258 622 237 723 548 374 649 174 270 344 394 365 619 722 703 28 544 707 354 219 732 589 616 155 47 188 473 178 41 459 639 679 325 731 471 437 436 636 650 192 88 488 2 286 62 248 356 108 301 198 443 415 
690 68 236 202 277 250 397 284 25 372 141 375 106 481 296 185 348 290 398 739 157 311 736 625 300 110 700 450 676 606 508 481 126 173 525 506 712 700 406 67 207 741 322 375 609 199 688 729 703 614 270 341 511 682 91 702 553 286 421 98 442 695 214 248 578 95 490 104 717 674 728 279 57 613 118 581 283 86 647 453 119 623 570 512 540 272 282 397 313 45 152 98 155 368 721 345 512 747 517 500 
741 217 139 218 534 232 643 647 110 268 25 497 485 411 28 729 536 499 159 212 272 664 738 444 291 206 284 748 455 82 685 359 118 513 511 318 618 404 172 157 10 510 216 427 161 62 592 168 377 634 581 228 411 746 650 78 163 661 667 36 401 79 253 119 536 189 473 77 489 479 656 179 240 219 638 316 489 447 99 239 45 53 198 108 413 98 70 694 221 609 215 351 43 508 138 663 91 228 717 540 
367 540 226 729 408 744 579 391 318 181 298 32 711 131 531 600 232 354 327 631 267 303 601 704 617 608 490 555 673 38 533 653 689 200 224 540 277 254 296 410 268 684 436 121 76 42 603 299 40 367 244 513 722 667 26 149 341 697 583 593 117 629 702 161 612 376 370 58 179 128 664 514 658 134 617 260 267 439 236 97 281 69 23 611 148 18 482 93 190 333 138 60 55 692 601 641 82 479 364 698 
598 119 350 141 582 502 177 473 744 63 329 522 348 132 23 198 437 525 27 543 320 380 588 130 543 107 402 535 245 707 64 55 391 136 84 329 562 514 113 197 605 579 327 648 426 515 122 724 122 588 565 336 463 192 10 286 239 75 322 353 37 266 242 205 16 248 354 198 467 669 598 64 317 294 2 685 399 707 19 163 86 445 238 373 514 148 156 119 616 739 156 184 575 655 382 444 550 395 247 237 
561 242 234 229 683 440 157 372 423 697 429 112 621 488 522 676 179 435 228 523 360 152 726 450 19 128 358 281 175 674 392 460 398 48 552 259 180 102 651 63 640 4 210 188 563 519 220 328 592 480 622 21 451 219 185 690 493 498 262 137 457 360 250 288 268 142 527 452 98 542 642 679 428 434 630 227 693 267 663 245 448 733 106 406 241 291 709 492 128 282 343 474 353 562 19 402 214 387 45 290 
99 181 597 527 650 319 690 224 107 546 742 460 623 703 434 167 508 571 77 291 39 109 548 645 367 121 517 366 499 404 189 271 521 311 564 207 425 748 531 677 539 131 143 305 14 121 286 491 57 726 552 391 580 312 0 506 695 462 586 598 621 319 700 309 478 131 118 136 589 83 224 282 593 384 614 477 275 26 464 534 385 8 286 624 123 514 465 361 598 688 378 290 118 67 266 13 280 732 144 367 
286 709 284 433 474 399 484 221 506 233 542 647 93 76 418 690 493 383 173 444 478 523 379 524 710 322 272 531 567 130 72 247 323 323 405 26 259 65 606 433 600 311 429 184 597 553 400 157 36 606 51 509 603 134 545 692 406 588 243 119 583 480 645 491 282 590 441 137 412 7 147 272 667 623 536 679 5 360 301 604 84 363 666 240 132 543 0 290 667 298 151 70 248 60 451 649 245 737 461 272 
231 199 48 264 284 537 164 363 740 132 410 243 455 142 551 520 520 450 344 125 743 23 646 629 277 307 37 82 51 728 692 726 670 25 367 54 571 444 561 223 598 660 366 389 202 186 360 713 149 672 736 355 102 495 57 465 41 101 614 734 220 336 541 685 16 296 170 312 612 29 653 652 527 591 367 153 384 32 270 116 267 226 435 720 680 294 157 485 515 389 620 667 561 359 322 590 697 426 354 79 
748 463 277 299 544 746 141 243 313 185 40 546 210 710 474 78 702 7 399 543 579 82 320 7 408 85 335 294 221 736 590 746 37 247 232 510 589 320 494 721 501 498 166 461 216 186 663 47 346 494 625 477 661 729 543 480 237 339 2 435 291 493 130 748 291 350 211 311 649 451 24 709 518 61 551 93 341 571 446 667 58 120 663 573 130 235 428 626 621 494 225 31 121 48 3 638 75 53 118 267 
638 648 377 701 97 487 563 64 567 189 240 6 273 293 213 66 655 466 141 353 564 655 52 617 634 430 351 36 193 124 253 66 50 294 527 484 50 147 712 520 689 289 558 732 142 679 223 422 79 391 696 366 92 743 706 426 553 342 561 677 681 158 146 652 38 482 240 696 599 220 687 552 658 725 458 364 591 0 251 41 326 638 98 485 430 430 108 392 543 325 576 593 582 203 467 181 70 393 80 574 
741 374 622 682 529 529 311 732 510 718 585 71 710 262 716 347 596 646 373 162 46 381 442 683 656 404 318 493 288 633 652 440 262 89 345 434 226 619 530 538 332 552 171 94 131 153 696 207 572 633 259 582 448 615 710 163 434 607 745 694 131 465 179 195 93 97 80 12 524 573 591 544 653 315 369 423 123 662 15 363 97 598 471 0 703 310 13 79 186 4 702 520 464 293 103 73 743 138 262 353 
339 360 15 580 377 525 269 34 362 514 138 235 394 617 139 444 667 351 544 361 628 255 111 260 4 394 237 641 689 513 220 596 703 105 151 108 126 5 101 190 104 323 433 553 425 180 344 640 534 105 273 470 37 67 33 312 567 506 146 545 123 242 244 322 735 557 375 372 275 339 259 301 495 628 491 651 634 373 71 48 132 255 500 716 139 666 245 648 609 184 16 552 493 690 39 368 459 140 394 517 
152 151 134 508 303 573 231 424 241 18 256 362 144 430 320 9 163 36 396 598 708 697 20 492 521 158 268 232 233 667 189 485 389 70 207 419 127 265 135 386 180 2 724 670 657 129 370 592 77 240 404 512 272 416 430 528 125 327 723 146 571 593 304 31 571 251 706 608 204 378 265 633 391 445 301 331 309 279 118 19 117 42 525 438 600 176 63 402 481 46 139 327 70 547 632 49 267 140 524 365 
411 65 442 557 284 12 402 131 658 178 59 733 454 265 16 640 378 629 260 710 33 508 234 401 717 282 535 208 71 438 726 643 208 85 297 686 287 122 458 94 367 31 266 723 316 276 256 562 126 620 211 126 445 646 351 500 332 690 282 100 41 621 60 412 711 317 543 94 68 737 525 170 218 721 107 40 363 411 590 668 2 136 651 660 601 183 509 682 641 338 590 60 742 209 431 75 601 622 667 723 
27 595 356 65 345 465 263 389 312 583 56 317 497 588 571 668 404 618 192 11 472 666 83 56 242 205 727 19 449 160 255 347 321 436 380 393 1 176 189 6 565 694 570 635 529 725 615 56 29 205 545 710 22 559 372 391 59 678 693 40 232 88 151 536 55 526 205 24 98 174 189 742 292 171 278 664 328 256 614 381 567 471 389 254 343 737 113 199 250 697 340 726 490 632 30 15 627 192 636 291 
92 649 94 513 152 268 716 694 283 496 549 711 666 737 724 551 621 113 597 447 343 361 536 287 135 445 591 266 417 480 154 672 116 454 294 335 556 672 120 431 597 434 160 500 174 596 514 490 665 474 335 699 598 38 346 725 487 355 150 161 276 745 115 451 404 327 478 288 636 650 170 598 418 433 499 516 478 381 98 391 616 532 187 569 50 604 547 682 196 543 14 168 576 617 643 288 541 417 659 606 
24 259 454 348 670 31 181 127 418 234 27 94 24 370 540 571 433 264 59 56 554 368 550 519 639 466 237 595 271 279 149 247 360 296 260 35 472 655 345 533 602 338 264 583 269 230 377 233 2 442 267 458 183 328 492 382 577 467 322 268 132 324 33 627 498 562 247 744 26 374 498 34 591 579 234 576 122 513 690 734 519 353 177 198 113 560 65 421 719 325 289 615 589 423 745 386 84 438 594 259 
386 413 134 208 216 422 273 43 241 509 320 299 442 238 282 516 728 378 54 183 632 478 669 678 476 321 514 336 430 274 84 330 511 139 349 538 565 587 127 99 582 647 114 488 4 92 247 154 261 469 593 66 386 194 190 697 460 616 93 68 403 747 483 673 447 57 495 318 458 335 507 108 43 534 500 708 173 472 134 320 333 177 306 227 555 694 276 665 99 385 567 538 588 506 199 470 106 368 307 677 
669 185 32 403 337 111 736 467 171 422 216 652 187 735 684 516 663 294 262 734 549 542 580 556 58 490 337 565 309 107 725 308 276 179 482 497 335 51 589 69 419 295 177 254 667 536 492 22 273 529 391 294 357 660 556 706 407 700 428 340 192 487 73 19 542 632 620 116 509 379 154 722 630 665 148 465 469 611 559 8 668 496 139 447 653 5 497 462 447 605 165 322 28 396 701 722 518 402 349 242 
165 530 322 626 502 185 418 69 462 419 488 226 634 28 125 729 241 428 215 376 707 236 720 555 481 325 504 86 226 68 251 515 33 328 294 153 701 495 224 551 65 40 731 353 675 270 662 424 741 708 34 68 258 360 661 498 527 693 706 720 188 304 605 331 426 736 584 704 147 276 228 380 121 175 284 343 299 103 724 250 410 299 373 5 407 56 214 576 337 57 555 728 397 503 116 745 29 395 250 545 
746 735 274 720 304 6 670 250 35 470 481 156 91 490 715 237 658 640 567 445 361 598 383 615 599 102 650 315 396 66 645 527 175 584 364 187 160 266 740 747 115 569 264 22 318 15 299 396 39 5 590 731 223 208 563 415 62 78 538 296 701 438 682 565 313 308 480 377 607 167 658 68 521 621 385 748 173 17 195 214 102 248 579 487 166 114 532 316 3 648 518 144 220 338 123 439 542 203 714 338 
697 6 115 247 10 86 278 110 108 242 303 505 309 560 238 250 20 488 1 552 646 51 743 46 635 199 453 497 516 36 387 599 338 294 630 236 270 540 577 422 498 129 282 397 452 586 703 258 517 107 280 653 233 606 74 406 443 433 539 433 339 651 250 120 518 377 249 483 546 720 341 410 36 723 637 386 19 66 321 212 708 673 187 71 459 583 305 291 549 287 739 509 386 111 462 327 419 44 635 87 
18 215 576 52 52 511 133 32 218 691 601 30 316 295 657 37 522 79 619 535 459 668 10 334 270 41 129 611 255 457 671 444 670 615 199 470 710 336 630 727 567 731 728 596 383 474 363 379 123 681 414 405 299 157 118 368 339 88 18 351 679 687 375 567 671 268 71 342 598 734 287 732 512 695 566 474 371 331 559 278 452 266 749 365 296 209 574 367 177 639 589 582 428 712 737 554 711 333 233 473 
137 94 301 601 293 151 425 230 543 415 580 461 199 219 645 114 86 417 517 240 622 390 216 363 593 613 132 546 715 688 365 667 603 250 418 10 78 154 258 592 335 682 267 20 7 233 34 82 617 302 349 641 247 560 485 646 402 453 441 553 597 38 651 430 424 142 479 463 78 303 230 309 267 209 310 401 326 223 741 115 746 291 49 412 150 107 141 171 221 111 359 685 21 310 629 748 383 363 316 514 
