41 467 334 250 419 724 228 108 712 464 455 395 31 327 211 491 745 692 327 186 141 354 152 153 292 382 171 716 218 395 197 726 521 288 369 412 167 49 535 144 203 561 572 333 423 164 141 211 503 118 47 644 412 507 537 109 473 741 529 28 316 35 440 342 288 106 40 692 514 148 446 555 140 729 370 350 6 351 393 548 129 623 84 454 6 590 466 626 431 58 444 189 626 73 287 538 368 582 429 41 
333 365 139 408 204 180 477 56 173 636 521 245 674 322 270 579 527 573 597 12 736 540 161 636 605 17 405 574 281 52 350 400 441 724 466 430 357 191 7 87 457 287 3 633 695 659 709 8 221 588 422 196 506 280 663 668 150 341 12 155 160 359 624 287 548 483 595 291 602 350 541 86 374 520 96 21 348 699 168 484 31 234 53 499 168 188 150 38 127 467 728 643 648 733 557 171 60 617 313 514 
59 116 185 201 350 749 19 56 298 303 224 508 594 359 739 452 195 235 93 93 523 87 64 503 698 450 708 618 330 296 548 281 89 548 259 157 222 372 538 292 38 179 190 407 458 191 315 388 406 261 452 384 272 555 78 146 112 386 125 683 619 642 594 666 131 498 572 651 271 449 557 726 142 389 575 212 350 260 3 619 611 438 651 39 255 673 502 85 182 535 88 676 117 507 82 182 419 654 221 689 
476 579 118 192 425 55 434 49 691 512 145 60 718 3 389 423 529 496 187 529 49 187 366 199 193 695 297 166 536 355 488 532 455 234 114 451 566 421 536 263 563 355 435 553 162 308 332 695 563 6 571 58 396 232 481 394 696 722 379 661 285 200 673 716 44 659 42 189 3 524 654 260 245 399 436 63 724 272 668 518 37 155 708 641 452 625 227 664 314 324 84 374 372 659 583 320 737 547 18 677 
523 20 263 418 692 485 102 230 713 127 302 349 527 375 43 424 523 722 311 681 253 432 255 593 225 281 242 142 722 536 314 400 437 110 663 224 20 670 235 83 211 260 146 167 535 550 140 194 445 624 269 625 326 694 158 52 121 716 178 93 601 734 268 714 119 652 550 87 310 426 10 257 670 65 576 227 43 258 414 609 382 586 315 487 327 224 375 127 379 428 673 20 152 712 123 596 737 511 445 275 
514 10 202 616 530 76 511 21 411 47 153 520 540 674 188 13 440 601 662 329 150 463 208 328 115 257 227 450 558 439 53 10 607 74 477 608 113 637 301 350 210 678 243 384 655 540 361 204 85 106 72 100 73 235 306 716 126 357 276 607 87 21 619 111 146 272 367 362 717 696 335 41 423 129 229 65 559 682 546 605 53 462 584 484 654 472 457 119 32 713 357 233 161 385 317 348 175 188 723 392 
504 511 241 675 459 575 221 620 126 434 205 283 600 148 529 201 193 734 137 284 306 493 426 205 212 48 131 300 163 141 355 105 392 212 611 127 174 428 252 443 546 673 290 313 125 572 68 610 267 682 362 695 419 581 540 238 185 340 747 339 490 145 603 564 651 490 294 8 335 509 692 105 514 181 3 79 525 358 42 747 299 306 61 127 467 291 629 490 63 674 351 77 715 433 713 742 324 351 142 9 
420 178 277 334 325 36 498 220 287 597 354 503 221 163 456 113 10 421 489 240 164 42 119 663 91 704 318 232 0 455 475 39 303 172 98 747 84 148 721 614 413 575 545 212 296 678 269 262 269 485 539 194 615 540 745 8 568 120 601 573 132 472 152 337 70 513 651 603 173 527 350 719 515 315 28 543 597 588 693 637 659 213 549 181 88 92 608 560 221 258 704 638 646 690 449 93 430 120 748 67 
36 533 35 726 185 288 103 129 724 748 423 359 7 16 444 705 68 476 661 25 105 251 49 496 584 515 714 92 575 663 392 446 198 322 176 356 673 429 154 705 376 562 625 93 65 286 486 641 64 744 6 652 686 88 232 605 15 381 230 591 375 511 387 436 190 150 412 634 393 603 416 702 508 512 483 204 553 134 53 6 148 624 317 463 109 28 700 80 318 358 50 155 611 264 653 676 393 659 652 561 
739 198 532 153 674 720 152 173 81 619 128 9 258 119 721 3 195 31 254 392 435 563 698 339 722 688 287 410 711 234 508 211 209 493 15 519 187 369 58 450 471 14 117 465 555 315 330 39 212 38 332 454 335 460 484 24 130 565 451 541 115 179 610 398 573 38 727 132 706 189 613 258 191 40 223 363 28 434 28 450 571 385 224 321 83 367 653 45 668 575 676 629 150 348 309 193 186 80 366 249 
417 28 429 364 171 155 576 66 16 726 166 587 681 464 590 436 21 412 471 64 59 165 652 623 624 691 495 262 673 531 306 268 318 352 407 307 231 262 136 380 114 559 334 306 290 293 746 652 304 595 458 248 741 212 631 114 689 458 722 454 245 302 519 729 238 173 168 366 409 248 736 196 712 383 158 22 396 392 287 175 147 208 602 57 348 80 42 350 528 549 352 198 382 540 565 75 512 567 586 397 
668 397 328 351 566 230 699 425 658 229 520 440 310 147 412 155 425 42 611 254 648 646 464 696 188 69 388 663 75 515 271 475 615 278 484 570 155 464 57 462 661 524 549 219 330 423 600 83 425 410 237 586 337 528 393 136 714 414 91 449 385 255 587 254 587 373 164 220 108 568 531 335 152 373 152 694 126 576 646 72 249 390 674 69 193 361 441 39 169 315 55 85 466 700 115 359 564 166 393 324 
9 300 195 573 589 411 422 718 358 531 18 676 10 672 24 529 160 302 432 641 495 514 124 614 652 505 710 474 222 571 622 47 577 39 105 195 594 450 593 4 231 262 422 189 678 662 12 717 408 665 408 723 509 184 704 236 569 208 695 556 666 700 117 442 37 32 556 224 447 521 283 722 81 126 83 698 723 732 268 526 220 361 682 606 740 675 574 486 177 219 393 34 677 168 318 241 696 283 328 227 
176 121 197 362 703 527 158 295 508 435 238 237 193 313 1 600 378 611 400 399 692 704 119 681 465 17 463 293 634 722 722 330 151 692 677 377 270 702 114 631 90 573 737 523 679 95 669 77 42 560 432 558 426 487 170 278 401 8 463 110 283 286 492 360 722 378 434 591 468 503 617 115 438 381 257 250 114 598 708 411 563 506 557 28 739 685 365 575 86 636 333 110 580 548 678 242 433 590 16 235 
310 349 587 142 482 578 102 119 494 44 608 252 397 182 535 458 264 497 743 649 265 591 189 350 312 648 523 351 474 133 641 200 354 240 197 419 530 78 181 294 340 737 149 25 233 288 742 193 502 261 60 84 340 747 535 529 40 55 291 642 460 49 578 729 221 277 73 693 120 497 326 526 290 582 78 659 168 239 159 449 174 72 630 8 217 458 477 503 370 357 696 74 222 611 269 261 556 140 413 183 
216 432 702 491 454 63 612 646 460 365 404 349 636 180 198 32 137 334 490 517 506 420 241 132 499 523 258 105 371 595 546 166 678 428 79 308 577 0 507 479 81 745 428 676 3 649 534 565 93 108 172 743 679 14 418 555 691 723 672 748 401 486 644 696 77 267 379 666 624 41 469 412 646 693 91 65 699 607 390 552 236 301 487 476 412 455 683 144 180 347 65 65 263 261 578 78 378 640 111 447 
195 170 725 739 0 149 333 365 464 32 7 432 646 617 22 382 310 391 481 687 705 479 321 538 601 697 208 646 526 259 189 422 666 236 455 528 364 360 3 527 598 503 361 681 582 455 697 356 502 71 46 31 521 455 197 124 318 135 126 274 609 248 74 253 172 135 143 388 653 482 247 180 426 178 450 551 211 699 605 113 466 73 61 745 473 524 50 353 431 537 449 110 643 215 422 279 231 612 726 631 
747 640 171 555 122 32 239 320 665 431 658 43 706 328 448 706 171 166 396 197 270 444 529 538 109 734 719 478 617 265 126 684 168 656 428 97 368 390 199 535 236 449 420 460 271 63 415 85 318 580 581 517 137 694 686 257 610 577 324 181 402 271 518 193 385 337 561 354 677 406 268 522 663 500 542 287 38 388 605 539 147 181 343 84 487 261 243 717 501 232 197 665 253 354 84 345 25 221 214 31 
372 606 656 343 93 80 330 618 411 213 718 251 216 79 268 540 31 183 529 413 259 403 186 595 365 624 220 585 180 726 455 475 321 58 59 156 352 582 405 690 625 562 385 212 80 336 297 452 8 330 90 76 58 743 240 296 224 23 347 630 85 572 150 707 455 416 391 338 481 668 565 646 475 259 262 136 205 12 293 742 21 672 512 248 518 368 467 714 400 540 335 9 169 145 53 140 229 199 605 41 
661 431 652 503 33 529 237 292 3 583 170 64 468 244 313 479 402 114 269 470 5 47 94 487 326 276 323 540 179 740 338 710 21 695 721 720 683 339 705 478 29 506 512 635 237 196 533 588 185 279 243 540 212 215 501 355 557 567 419 134 421 707 248 545 97 718 588 594 622 313 28 14 301 473 740 104 101 227 697 442 271 113 51 613 221 565 171 195 610 495 241 22 312 651 515 555 393 488 279 382 
108 654 72 457 245 588 144 540 589 654 604 123 475 578 724 481 80 483 473 344 630 96 487 195 55 366 500 239 338 213 385 447 709 630 724 408 487 474 420 372 543 105 734 561 306 606 684 325 632 619 741 432 684 29 279 283 417 86 125 118 737 28 619 327 237 591 306 295 310 151 543 432 636 80 625 657 184 324 469 540 226 41 351 79 540 474 572 591 189 37 740 239 643 53 563 181 403 5 176 479 
195 139 218 498 83 389 265 621 743 76 722 588 78 581 399 728 641 273 693 84 743 599 452 457 252 391 187 96 141 637 413 150 316 190 412 685 626 660 377 132 10 189 455 374 413 472 695 66 610 38 588 311 495 467 175 617 439 42 313 547 502 367 99 273 726 453 48 51 70 386 458 467 206 405 281 712 569 475 56 31 745 544 591 553 388 165 700 319 272 291 133 383 275 642 319 300 704 78 585 7 
583 143 740 353 250 733 222 271 111 240 338 641 8 297 102 658 479 552 433 240 252 568 672 395 135 8 361 242 444 449 688 678 292 607 691 347 719 595 630 413 714 210 561 635 573 504 462 453 352 569 654 529 52 574 399 730 744 344 299 618 65 113 52 273 470 481 747 11 619 148 748 353 352 179 303 293 272 338 63 334 100 522 490 161 492 401 80 477 616 626 428 720 365 598 548 679 135 357 633 162 
152 512 670 270 272 273 341 686 388 167 217 392 198 17 499 65 639 182 119 331 503 630 278 631 339 652 630 422 364 407 295 678 431 490 360 677 321 486 459 393 340 633 37 643 130 24 243 282 703 211 40 162 557 747 401 423 640 217 640 203 316 383 411 159 245 136 401 515 101 340 709 747 283 0 58 171 175 581 537 271 537 249 504 229 638 200 530 211 118 205 40 78 459 372 148 10 98 185 731 614 
67 493 96 411 246 38 170 288 476 555 167 621 260 502 258 433 5 565 726 151 34 9 643 548 273 42 443 183 137 603 690 461 194 668 377 748 239 248 129 397 649 181 669 125 98 699 686 599 623 693 231 154 361 684 385 717 316 143 204 616 203 308 473 684 42 167 298 219 430 61 314 340 177 493 104 99 724 445 506 658 339 108 59 639 197 40 68 364 725 26 339 253 66 162 90 570 426 645 141 736 
401 109 687 583 85 140 500 686 255 131 378 2 277 112 174 565 122 82 135 178 646 639 478 383 175 265 510 545 528 571 355 270 177 23 384 251 175 586 584 1 487 310 724 90 106 321 580 435 645 32 325 718 73 212 287 498 155 412 217 442 39 297 446 353 231 115 89 358 579 395 394 699 145 22 675 112 572 273 230 738 647 542 358 453 27 125 634 651 78 382 669 486 478 689 138 721 676 163 177 575 
724 481 700 461 362 252 448 345 684 16 137 507 493 284 694 259 71 308 643 418 177 119 607 541 641 514 123 165 572 679 91 215 365 536 707 9 700 702 593 241 579 448 727 548 474 574 274 133 385 38 170 112 379 584 659 628 173 85 150 524 693 605 412 15 517 407 177 284 704 540 84 391 621 85 734 440 292 748 336 518 621 424 97 376 254 419 108 177 493 568 366 102 188 600 319 68 40 734 589 306 
308 132 478 564 287 489 324 270 327 304 488 691 298 142 252 571 104 446 306 509 583 458 261 533 436 554 135 392 92 10 411 120 593 578 437 113 313 91 684 165 656 511 262 661 709 501 738 620 624 257 507 334 451 601 239 208 441 290 513 412 605 60 343 222 652 426 43 623 266 651 275 528 532 261 219 253 479 607 142 201 703 642 70 19 722 157 744 505 690 133 12 409 107 38 610 221 671 404 697 264 
273 229 489 16 637 506 382 720 239 416 272 533 660 303 705 91 509 636 187 129 42 567 295 356 638 702 154 466 583 10 669 131 738 267 276 98 314 570 303 7 719 216 722 342 507 463 10 197 293 130 717 543 626 564 126 617 584 370 671 542 714 404 116 443 664 525 250 212 100 51 726 379 443 627 39 361 135 22 184 144 311 63 254 196 638 58 157 680 623 464 324 596 337 481 568 361 542 341 82 123 
461 491 711 330 748 119 41 150 679 117 67 414 95 691 686 117 278 703 159 473 731 253 319 66 383 617 135 652 730 657 181 567 60 366 687 421 477 495 514 238 671 547 615 92 311 407 655 53 421 330 240 30 175 320 290 627 498 86 604 739 131 494 138 360 718 669 259 677 359 369 479 216 300 396 353 208 580 593 56 599 604 272 660 294 54 83 146 479 721 678 59 491 171 188 616 33 435 20 579 11 
360 708 732 412 256 128 729 397 387 538 219 33 290 295 516 633 9 557 67 634 553 135 258 343 593 693 716 451 140 594 187 674 262 97 551 445 67 242 292 737 530 613 546 710 139 378 559 286 244 90 682 69 120 393 292 712 714 527 557 444 455 463 261 163 693 164 703 495 512 131 696 659 298 18 374 11 454 485 377 383 490 362 127 577 567 90 392 100 650 558 476 154 435 680 581 295 537 623 672 677 
279 211 461 504 630 253 293 321 535 278 693 250 55 671 270 702 375 381 140 684 40 486 334 748 39 265 46 562 512 302 731 737 464 307 748 306 670 200 182 551 543 99 82 294 81 75 254 300 26 566 488 301 123 343 441 380 195 418 659 613 628 329 338 354 363 229 569 666 179 577 87 402 615 42 223 622 198 323 653 198 395 447 8 408 161 493 165 531 202 360 78 256 705 715 23 519 465 3 305 434 
228 645 90 83 535 650 468 744 133 385 348 281 32 506 660 372 732 651 306 135 610 221 277 387 93 18 483 245 671 103 442 11 379 284 262 593 530 661 734 508 176 656 691 193 188 227 469 234 724 343 435 474 344 582 617 377 255 646 436 89 290 237 350 9 578 456 427 153 292 300 61 725 143 595 16 365 304 6 618 141 335 698 575 563 273 562 618 457 396 89 86 594 346 43 22 161 530 205 108 597 
370 240 123 577 413 454 396 472 450 741 141 396 275 463 324 679 445 653 594 493 567 437 140 329 291 125 534 360 500 407 371 692 543 617 217 153 193 643 139 511 675 28 478 248 600 392 194 154 373 353 36 47 346 76 311 154 488 321 636 655 49 306 478 517 1 519 491 166 467 346 593 187 671 412 117 549 194 647 451 328 192 354 268 518 391 546 12 220 244 168 625 219 334 174 484 709 399 514 445 503 
532 351 37 564 113 151 469 290 417 683 418 334 252 586 519 748 137 147 424 668 527 398 493 632 21 669 143 627 264 354 484 693 245 561 543 392 48 490 49 640 243 574 49 274 314 673 69 718 615 333 238 411 502 463 508 399 588 245 231 420 356 521 368 421 258 407 647 482 238 122 473 156 706 439 656 345 351 173 368 50 597 586 91 656 10 313 401 380 94 743 241 745 328 449 705 514 285 227 374 704 
606 667 227 555 352 36 718 448 729 411 489 258 740 25 660 632 89 296 700 612 622 529 172 336 277 303 476 170 85 402 251 397 251 501 435 193 72 666 716 578 11 625 588 296 189 294 306 76 152 508 588 21 86 608 527 628 229 697 549 530 495 378 562 676 219 177 591 297 285 731 656 434 204 269 459 206 671 195 715 266 110 747 335 690 427 299 5 386 138 675 393 127 380 737 305 732 503 0 4 289 
238 465 8 560 190 49 747 707 204 304 737 735 499 42 363 362 682 233 351 379 637 533 100 364 433 607 718 210 218 208 391 732 437 434 249 451 619 83 6 192 140 87 12 310 570 585 163 115 397 677 524 384 553 33 378 36 124 484 75 349 712 734 624 42 504 322 305 163 462 473 584 160 372 553 647 572 250 337 417 256 431 447 505 736 607 599 540 398 235 447 334 592 725 746 605 78 338 92 178 545 
742 37 256 17 553 43 5 146 609 424 354 215 239 706 209 492 749 175 286 561 147 618 263 477 712 146 159 91 630 90 34 415 286 523 416 594 486 287 166 643 449 221 344 277 535 700 340 535 575 618 168 256 729 8 291 225 536 730 716 470 384 247 78 186 204 200 23 114 661 290 250 254 233 16 391 420 345 6 88 6 357 16 607 178 699 674 655 441 740 582 108 496 667 540 217 207 734 496 212 652 
739 426 345 156 64 600 86 29 526 322 129 51 62 426 164 607 320 38 312 394 61 430 200 643 106 61 397 689 308 290 202 229 368 419 7 534 547 727 675 613 709 621 142 589 336 371 501 534 129 358 686 719 397 4 298 452 605 488 32 565 516 231 579 23 227 271 563 632 140 66 738 319 339 263 259 601 21 33 614 38 12 184 9 251 574 233 559 714 649 595 22 541 166 377 302 565 391 138 560 717 
55 287 224 222 689 441 648 554 84 618 691 622 418 474 426 637 383 241 495 18 265 474 502 96 706 24 216 581 644 740 84 296 626 277 455 518 541 141 715 441 721 259 450 717 516 443 374 564 5 407 2 166 275 546 382 539 46 645 3 402 401 76 653 184 149 350 655 346 275 470 86 295 43 73 282 356 146 210 526 442 300 290 295 352 100 65 286 111 10 234 479 284 50 332 306 436 84 290 617 682 
316 616 388 425 351 360 450 482 121 693 38 254 93 645 30 388 417 170 595 383 615 696 83 640 132 689 589 683 317 379 3 179 613 100 2 145 361 651 568 463 313 657 304 726 617 711 679 14 216 31 692 198 22 405 587 257 658 714 262 260 196 315 130 415 696 40 297 542 214 694 584 520 465 700 456 606 552 696 583 111 317 415 645 175 354 198 169 329 238 71 92 97 447 9 402 71 658 622 609 497 
499 399 370 570 536 484 412 415 703 735 491 449 317 458 94 169 431 379 108 707 9 206 599 75 276 624 607 524 634 628 546 145 231 464 649 168 588 57 543 254 355 197 217 205 141 93 633 597 679 486 55 133 454 180 502 404 29 488 120 254 572 676 451 415 86 481 230 475 260 264 688 157 740 688 481 447 742 618 320 131 61 219 281 740 83 422 63 302 502 678 721 148 697 445 656 722 436 544 327 94 
683 547 490 485 714 223 87 153 168 380 255 716 358 12 406 318 451 142 276 6 452 184 23 270 62 0 725 61 600 445 238 270 601 683 48 142 98 34 245 187 212 593 258 359 621 516 672 332 441 433 338 265 476 516 298 39 533 205 497 646 519 425 167 387 20 30 192 735 139 123 480 73 277 36 131 285 522 345 729 335 713 185 235 133 686 346 398 585 502 521 260 232 636 188 419 736 542 65 528 448 
746 136 11 476 47 121 702 495 702 64 39 322 7 120 170 154 609 580 548 141 710 510 341 367 283 175 136 499 525 290 126 506 22 453 586 717 515 292 245 566 456 686 187 448 626 364 335 165 158 90 610 564 154 12 252 338 456 525 630 749 679 79 63 338 267 171 645 741 469 89 308 65 512 723 431 220 647 53 208 508 215 679 316 689 413 521 291 509 631 322 264 466 488 170 418 449 655 100 694 186 
528 656 177 563 23 121 77 573 211 673 184 352 87 667 713 153 626 345 745 713 156 370 609 55 746 83 223 352 629 519 126 293 85 465 621 444 607 21 87 349 19 346 465 302 742 503 7 590 209 607 386 309 615 186 519 259 563 185 278 351 718 369 456 731 78 574 145 93 524 566 24 511 585 472 721 307 595 674 538 683 408 45 222 483 231 253 732 300 590 480 158 505 452 358 68 57 561 120 528 406 
213 332 592 682 217 70 608 74 237 94 483 364 264 214 496 390 675 5 413 717 542 731 119 630 218 378 448 220 79 591 16 587 558 126 575 409 268 220 285 564 706 147 656 134 360 1 458 728 544 589 274 476 694 340 689 122 669 301 702 94 273 289 359 577 637 686 416 327 169 373 649 14 665 644 186 419 628 176 608 452 96 137 665 488 616 538 132 324 83 165 556 156 62 616 524 129 442 484 372 299 
146 26 332 452 25 166 665 302 9 5 167 344 554 693 74 499 672 121 733 663 417 43 123 60 425 74 735 251 122 458 395 526 470 41 488 429 72 227 443 8 254 172 126 137 66 303 90 412 289 3 729 549 322 402 602 369 654 729 734 438 274 726 713 384 472 348 703 503 57 18 333 437 445 429 661 644 409 461 157 576 722 395 592 472 628 196 61 535 85 479 716 282 206 408 499 620 46 224 370 526 
656 733 445 574 691 338 538 414 104 627 103 692 504 623 602 625 361 92 474 399 635 90 396 578 605 54 241 409 631 29 602 333 692 32 62 599 161 547 655 290 319 709 378 389 228 580 221 28 440 456 398 194 745 375 460 198 116 430 65 64 476 222 479 93 232 5 536 333 605 587 732 638 415 314 268 149 532 258 396 688 728 138 745 309 169 744 362 19 549 268 717 58 643 561 103 190 436 476 603 504 
300 268 423 597 146 66 480 665 652 500 617 673 36 168 97 79 724 478 10 158 175 17 562 734 452 669 312 70 711 735 140 211 564 250 460 45 517 4 37 717 565 692 588 523 565 579 87 388 519 636 330 309 140 571 319 631 126 270 661 204 393 234 107 499 336 79 700 457 155 615 84 49 344 92 520 119 517 63 253 367 477 410 505 153 591 562 576 354 572 634 516 300 193 195 352 497 271 561 344 9 
616 635 189 468 107 18 554 550 682 299 520 235 348 542 166 682 279 566 59 258 83 649 385 107 570 271 592 530 377 406 545 436 153 2 718 535 535 678 178 460 101 699 114 135 626 657 487 341 188 343 596 283 743 518 123 685 359 96 131 561 239 334 423 749 231 599 692 356 100 537 540 269 223 88 717 83 400 658 606 438 713 670 366 8 185 23 729 548 106 220 675 196 183 238 119 696 690 25 219 19 
91 697 295 154 408 558 544 541 591 87 400 482 675 236 188 208 580 85 13 34 3 477 285 176 170 286 281 120 549 598 77 699 335 573 387 101 231 617 733 571 376 29 481 544 92 717 0 28 166 634 499 507 740 581 123 191 381 749 39 299 75 349 113 495 476 201 424 83 639 485 274 145 245 170 233 217 642 252 74 273 740 255 718 320 343 280 6 265 114 730 708 358 624 8 561 667 717 178 340 349 
80 370 740 662 500 64 525 584 182 661 606 118 394 576 686 116 342 238 88 115 212 697 696 159 302 521 256 610 557 166 0 670 395 175 398 624 274 293 429 286 13 516 108 684 551 561 405 65 174 582 389 82 524 650 75 587 376 50 674 114 287 445 525 629 351 538 44 244 706 325 321 490 384 569 479 195 658 307 95 374 188 156 570 432 16 222 457 553 21 205 389 625 529 128 539 27 144 240 398 304 
267 192 280 618 148 56 490 32 493 189 301 493 427 269 393 33 181 592 385 276 592 330 616 461 217 157 670 495 416 121 32 532 6 491 370 365 445 393 513 521 342 685 467 662 631 717 471 452 72 328 230 429 424 449 653 401 294 541 264 133 470 144 388 577 213 702 408 452 503 499 558 75 590 638 73 645 701 705 308 123 287 291 526 280 209 570 185 293 531 174 152 600 571 25 9 430 294 122 486 140 
515 202 504 32 683 438 605 710 695 173 542 409 487 693 347 584 389 168 38 198 280 479 457 313 110 447 596 521 682 344 392 698 136 353 49 388 573 575 251 190 139 546 362 525 374 578 485 353 531 377 100 48 670 494 716 729 476 288 665 172 352 112 421 667 628 465 79 259 82 139 236 419 735 640 666 132 735 72 503 661 646 641 650 682 622 111 270 63 165 145 620 310 628 470 621 596 4 264 549 710 
519 52 735 471 594 580 382 261 145 151 416 83 210 508 622 45 656 14 702 34 655 312 271 341 575 540 275 611 417 732 533 137 293 300 179 268 524 134 379 85 460 105 511 242 74 550 266 560 301 9 59 673 67 550 225 6 390 298 155 307 199 241 10 382 336 219 270 179 225 269 309 201 631 74 307 725 551 283 219 488 164 463 124 34 20 601 497 474 261 567 265 590 379 205 278 161 182 227 160 389 
416 487 548 98 404 298 65 471 383 425 241 264 147 112 704 426 454 658 221 534 188 716 366 106 180 179 537 129 389 93 254 601 134 170 487 636 552 82 28 366 722 693 708 429 483 737 323 397 596 94 651 403 270 503 722 20 432 453 324 533 57 665 482 280 417 466 190 118 676 328 479 644 453 449 83 3 410 240 27 610 527 282 143 687 363 711 315 99 501 318 81 558 353 358 238 428 214 207 572 471 
422 256 367 260 298 593 734 591 19 602 562 161 311 43 155 131 651 260 648 271 92 444 584 535 0 455 405 73 650 688 689 260 517 682 698 460 495 169 398 439 421 101 695 723 637 149 50 407 384 134 677 562 391 554 746 662 537 551 351 482 65 188 445 228 694 276 678 745 178 455 149 257 62 401 449 727 442 603 45 292 67 149 376 5 492 248 103 315 547 573 465 249 137 669 81 470 553 518 302 428 
656 231 695 336 429 731 528 609 502 589 458 738 304 222 458 156 171 147 253 11 674 319 607 205 99 38 511 545 435 742 482 76 167 403 367 149 54 417 462 614 129 543 727 604 12 81 639 76 397 49 239 424 336 612 387 707 503 741 732 579 27 611 202 246 396 183 597 304 282 102 695 226 474 81 445 123 632 593 102 369 282 489 187 599 35 179 154 652 149 600 132 445 43 121 399 90 704 677 205 69 
250 528 728 472 418 535 524 434 651 134 37 415 189 431 324 259 600 46 10 427 483 421 161 68 546 350 263 711 96 208 594 371 695 2 746 170 504 453 10 586 669 235 116 613 585 92 518 265 370 586 275 746 394 12 232 565 605 226 701 23 556 80 93 740 91 214 223 607 450 99 72 535 12 452 518 374 652 598 735 138 262 487 272 292 200 93 269 731 370 741 645 484 714 85 79 399 532 136 119 400 
193 185 16 108 638 499 425 646 19 581 64 252 720 37 348 327 148 101 638 213 553 505 741 267 162 405 581 695 118 622 344 170 288 371 695 273 743 365 218 635 437 99 749 442 554 374 31 316 179 722 306 318 125 192 410 361 382 228 522 649 277 326 98 528 527 588 175 194 125 139 321 340 640 466 581 648 297 201 157 51 110 557 77 259 403 576 40 523 74 454 369 656 235 249 298 680 573 408 316 634 
123 531 104 33 41 672 510 737 114 568 744 579 23 209 157 391 35 227 523 272 578 185 49 517 9 743 117 515 590 141 369 38 104 276 712 491 693 159 370 447 162 378 350 509 342 440 339 244 142 120 486 146 214 236 521 193 466 474 445 538 99 77 204 4 281 746 507 285 364 600 332 423 693 312 232 633 489 268 339 433 209 237 45 495 412 139 185 498 729 457 480 204 101 440 543 218 162 127 373 222 
733 135 436 720 507 452 189 106 276 424 152 287 285 199 566 390 617 106 721 725 20 542 565 47 258 684 531 579 282 455 662 689 173 120 592 282 696 180 469 322 715 301 736 505 174 477 404 729 382 101 269 737 551 676 104 73 161 197 345 625 235 62 729 560 218 573 579 459 662 474 324 182 725 315 93 446 532 318 434 611 222 536 16 89 651 104 733 94 76 598 604 283 468 434 667 714 366 514 566 746 
373 398 260 646 191 291 366 89 270 105 198 501 581 21 325 228 423 704 559 430 488 491 239 103 198 567 554 627 740 447 306 273 589 612 536 179 138 39 335 91 417 270 310 47 331 382 106 739 534 653 210 462 482 142 593 563 423 361 740 692 693 520 169 349 612 326 595 236 306 103 614 748 258 128 338 723 5 661 443 617 193 477 14 540 166 551 339 44 736 512 524 183 490 401 683 135 78 633 437 634 
77 671 472 263 159 540 118 532 348 116 40 227 208 571 106 305 501 684 270 555 257 549 230 325 553 439 694 738 164 423 48 608 30 237 264 463 13 452 170 228 16 704 416 149 627 337 37 709 182 705 355 276 687 616 164 655 540 446 182 135 593 186 96 238 206 403 214 99 41 175 74 324 594 613 249 26 97 84 147 676 543 244 92 261 19 675 389 696 731 221 268 213 666 280 306 109 290 559 184 46 
509 353 606 391 593 446 333 700 307 685 12 667 369 415 403 223 41 266 149 15 118 243 388 247 711 591 624 563 125 257 370 121 227 408 336 275 471 326 299 169 741 111 462 209 385 13 580 264 336 533 282 238 339 455 420 190 118 641 228 485 287 70 374 247 354 203 244 562 615 304 450 52 464 129 294 26 213 528 248 179 351 699 3 442 530 266 290 98 108 230 303 301 12 444 649 735 305 572 139 608 
302 129 390 110 546 127 544 422 436 723 404 333 506 551 641 34 681 572 79 702 676 580 519 138 429 135 252 610 577 24 510 99 292 55 393 315 428 572 34 476 298 273 701 87 338 497 402 425 250 178 205 643 130 656 531 739 165 21 127 214 440 113 389 210 238 263 320 688 571 14 3 4 472 566 604 586 175 524 68 302 120 409 488 682 341 324 500 66 722 504 52 100 16 476 236 602 237 401 651 249 
217 102 515 131 343 210 258 239 108 434 121 356 586 737 621 240 222 18 573 103 531 412 246 463 451 615 554 285 83 564 4 87 203 284 583 472 671 44 370 507 88 129 47 340 423 151 343 626 231 500 648 113 253 61 693 332 451 314 99 216 712 84 99 2 662 391 709 450 180 319 535 62 115 361 67 511 13 571 356 595 693 100 93 664 192 444 83 736 502 25 559 703 507 6 43 129 501 70 395 228 
291 59 220 215 694 428 158 134 238 383 138 737 135 530 282 65 580 521 675 502 204 196 662 254 545 325 494 299 744 279 632 9 566 179 261 133 180 246 282 533 123 439 130 585 237 320 89 129 310 271 97 689 413 444 621 705 565 213 584 499 387 115 664 558 261 133 96 693 487 581 155 251 351 540 302 295 420 61 110 517 273 534 633 441 301 378 637 129 0 615 709 72 311 452 470 323 64 287 300 110 
291 228 693 411 321 468 548 183 433 445 459 72 718 453 114 95 349 50 146 392 694 155 209 18 635 301 18 97 356 187 285 559 614 383 601 390 625 224 346 200 588 531 721 217 374 84 565 94 102 19 70 117 669 674 487 280 595 216 294 199 412 685 365 571 502 41 304 73 233 202 311 229 724 409 233 165 95 450 76 341 647 713 621 736 412 190 334 156 168 622 719 416 468 491 209 566 603 29 498 367 
345 603 180 20 25 34 571 333 485 537 643 327 348 124 442 668 50 744 431 86 695 258 3 347 692 371 569 657 571 522 311 491 302 1 23 465 206 730 61 715 523 300 328 735 203 612 182 626 157 39 292 199 276 211 592 381 660 450 388 80 620 295 179 168 641 12 584 133 20 582 250 310 614 141 349 336 165 83 529 327 254 28 569 734 110 168 417 147 625 656 160 713 548 190 469 94 99 393 405 464 
287 308 706 411 164 447 293 129 337 580 85 514 484 576 515 118 634 97 398 297 305 332 531 87 427 396 609 74 49 653 201 341 654 729 465 565 650 32 83 469 296 439 28 238 741 553 6 120 420 349 455 24 328 537 234 629 139 398 473 138 65 2 41 485 63 461 566 77 583 180 315 82 232 581 485 40 562 256 52 698 513 626 497 64 215 293 407 187 418 588 674 70 683 345 328 559 733 471 537 310 
599 423 133 155 97 63 536 734 159 484 500 470 89 157 418 106 735 342 272 233 485 133 77 499 61 340 635 100 479 323 406 135 745 459 336 481 689 699 101 407 195 469 84 177 105 60 383 452 50 603 188 148 125 319 304 490 93 307 357 69 625 149 190 196 298 717 96 259 80 479 481 707 219 638 175 199 520 514 260 355 232 515 618 220 487 514 709 703 294 550 541 551 344 177 641 660 196 574 183 348 
140 381 70 504 285 653 695 609 414 532 417 380 568 432 163 90 461 132 635 517 395 321 318 55 583 221 246 470 38 144 258 727 585 327 425 205 550 392 504 318 640 724 229 615 504 171 522 594 17 9 160 622 52 124 477 197 370 191 17 341 617 218 315 321 655 227 664 33 637 182 299 412 132 535 92 385 680 284 270 478 438 224 384 483 353 625 122 32 510 565 430 514 173 72 736 408 388 381 65 426 
612 563 128 169 351 491 565 326 168 271 98 87 281 489 89 302 580 224 531 742 118 650 450 234 106 180 40 173 149 668 485 134 705 44 194 708 550 469 518 599 447 80 49 448 684 619 632 90 638 20 547 433 140 372 295 290 477 250 82 747 349 550 480 146 554 581 55 301 82 389 17 370 676 393 556 723 116 707 536 366 183 343 672 314 298 221 687 11 59 670 336 77 691 53 323 278 241 597 349 381 
73 560 671 578 743 90 653 234 266 247 613 422 245 474 238 22 127 269 83 216 555 544 146 74 691 339 98 47 66 460 141 573 715 355 556 188 646 518 512 194 726 515 393 573 569 374 468 619 472 170 161 265 75 229 744 37 195 80 49 50 201 294 561 553 742 459 448 456 363 469 639 705 561 401 660 427 76 39 722 502 724 196 99 23 412 473 464 121 308 120 231 406 48 149 645 497 716 443 698 142 
31 454 195 294 200 399 451 331 98 95 175 245 84 433 100 149 567 47 509 691 731 599 398 474 387 9 512 395 729 159 324 17 466 218 177 594 349 296 292 673 396 167 411 118 48 31 583 74 688 134 168 718 175 204 344 171 710 411 672 451 450 592 630 425 680 701 470 448 27 730 405 382 425 614 112 204 192 259 688 255 616 166 671 80 214 541 26 386 435 733 1 224 576 292 659 201 596 527 307 537 
27 420 305 627 87 460 83 53 137 233 341 385 121 27 528 80 684 211 479 603 180 158 480 698 632 391 420 416 63 318 65 484 259 724 241 135 658 210 248 585 528 101 671 255 401 46 422 109 481 737 420 525 434 52 727 246 188 102 197 739 645 398 451 18 623 507 219 623 165 68 633 110 609 625 596 339 333 18 159 518 561 167 103 416 688 726 443 632 126 10 488 307 30 554 78 61 368 521 173 98 
257 508 669 95 651 189 466 456 739 475 625 32 428 171 466 12 537 458 238 30 105 740 49 319 157 503 663 656 285 583 598 593 549 612 356 666 735 219 671 414 349 608 97 14 664 212 7 122 77 742 70 749 398 21 386 692 302 467 274 738 693 89 188 664 296 18 596 608 237 745 318 297 75 397 471 487 393 657 670 49 546 289 2 12 520 181 226 691 525 595 599 666 274 556 677 122 236 258 146 309 
132 108 288 744 4 680 227 649 519 368 174 401 111 505 716 677 313 362 530 318 478 39 713 441 473 546 731 90 231 135 632 82 632 500 644 602 207 601 18 33 23 144 669 276 383 533 282 512 186 325 52 312 24 595 546 452 523 508 555 177 358 111 31 400 320 230 503 77 109 216 547 118 468 27 131 315 652 713 621 676 586 624 242 241 509 347 412 498 742 648 342 36 620 117 229 624 531 138 706 61 
100 547 708 289 405 731 218 164 601 566 294 467 45 417 289 413 100 24 444 249 275 580 217 574 199 586 674 507 685 465 58 275 730 582 711 37 270 712 91 28 411 112 446 376 600 458 171 191 748 622 698 50 508 478 395 492 688 610 223 477 243 695 404 713 282 275 404 45 721 598 168 334 370 341 588 482 119 337 316 432 12 534 581 637 444 102 511 264 142 19 84 547 730 3 291 606 661 547 487 352 
265 313 617 567 749 151 393 38 32 204 387 12 162 672 587 424 341 58 468 351 527 123 352 711 480 89 501 265 237 228 29 171 737 113 327 488 477 214 96 475 82 81 89 619 169 147 612 406 560 252 155 561 220 380 191 550 589 738 124 451 255 440 739 375 732 354 653 130 430 611 606 558 287 551 327 180 372 247 657 296 464 455 199 406 60 515 185 88 285 334 663 523 726 213 677 726 672 457 279 266 
377 425 400 248 475 280 257 413 346 516 592 655 501 307 230 703 297 702 505 434 285 594 146 290 36 297 255 107 278 458 531 496 299 172 592 413 58 52 291 541 576 424 157 708 696 708 382 13 127 581 441 429 137 100 387 409 250 154 40 97 577 729 296 639 338 581 148 292 221 697 543 63 206 179 693 351 316 694 488 738 175 471 421 230 183 716 599 256 359 216 418 359 395 184 178 94 332 116 208 266 
463 663 181 536 610 666 699 622 510 383 423 716 706 446 224 208 346 420 320 516 319 378 427 538 384 609 17 728 280 171 691 640 93 694 559 507 40 273 222 647 400 225 512 132 469 740 251 605 305 526 287 363 479 466 478 95 209 136 156 470 393 106 692 611 483 188 67 295 709 549 497 45 242 252 367 140 103 355 255 552 356 195 12 747 650 289 565 205 377 697 177 3 526 15 675 746 281 553 315 263 
260 316 331 277 283 78 284 203 694 476 374 608 35 652 435 691 286 393 320 414 694 107 162 54 746 441 456 326 716 583 133 11 476 55 415 706 348 168 369 291 24 717 100 684 245 225 575 194 37 215 512 139 258 210 182 586 245 122 185 698 59 619 638 216 123 0 560 341 593 48 656 418 18 212 65 619 377 571 364 42 250 499 228 511 227 236 525 106 215 33 453 655 376 403 165 45 377 30 681 130 
183 97 473 581 563 44 249 176 440 162 291 29 448 598 728 227 75 210 19 680 223 97 402 415 82 423 555 437 557 59 330 91 111 44 344 75 439 705 506 724 717 106 548 510 30 650 88 216 67 28 423 93 48 682 76 13 348 335 116 357 480 166 661 741 433 179 85 250 141 193 38 38 36 57 559 327 160 726 290 241 514 666 74 442 148 412 142 216 658 77 659 542 589 413 448 396 500 146 196 428 
608 236 687 553 323 1 541 95 380 594 650 743 554 144 704 292 624 319 331 393 77 201 2 273 38 561 584 351 455 150 232 206 636 710 417 593 727 542 410 240 158 525 639 69 641 389 335 556 289 673 69 73 194 327 445 86 395 352 566 507 22 264 198 258 272 258 290 657 547 81 586 196 156 717 64 190 467 605 261 633 653 689 326 442 679 690 527 40 386 443 47 403 470 610 605 209 471 221 492 82 
342 170 725 131 218 88 101 2 107 615 725 430 101 602 500 538 497 72 40 469 217 493 510 256 342 193 449 532 99 373 93 433 194 106 236 25 114 250 582 522 145 53 459 645 747 8 319 134 386 123 494 482 490 375 546 439 298 315 212 418 719 469 232 613 287 90 16 133 290 321 636 677 745 156 713 749 370 556 133 316 205 57 671 211 1 410 166 163 238 128 647 84 588 249 470 199 615 366 715 232 
374 328 587 300 98 243 708 257 421 308 682 367 315 456 320 62 704 102 697 636 393 616 478 306 374 365 473 660 178 586 719 608 438 282 571 366 473 712 686 170 266 542 268 708 376 162 446 481 503 204 338 347 572 95 661 115 387 471 237 104 328 390 364 316 194 181 365 506 434 565 356 265 0 734 639 652 661 707 307 407 227 186 443 535 112 731 177 549 456 151 435 546 209 326 311 708 90 414 597 225 
607 633 165 127 344 630 355 418 684 383 361 316 403 198 450 291 410 523 473 439 282 473 287 178 739 3 637 640 213 427 551 453 163 580 314 599 498 603 98 617 290 118 124 442 448 606 184 598 426 567 735 157 477 471 205 530 170 345 708 509 348 292 308 27 566 633 5 28 290 311 190 517 402 369 543 598 226 260 557 113 146 740 418 526 136 610 649 339 313 412 108 470 437 65 625 372 376 140 679 555 
510 327 534 525 435 476 590 298 279 190 383 367 637 323 695 503 244 586 734 702 25 291 425 201 355 304 628 641 683 510 475 326 375 690 439 457 185 347 719 133 614 428 313 48 526 140 477 709 216 315 715 387 223 226 0 403 703 229 9 93 600 21 111 528 13 438 68 2 710 218 623 166 360 418 635 251 735 369 446 363 196 389 144 54 369 219 627 88 461 545 402 393 90 747 465 374 284 275 203 42 
110 197 497 555 362 106 6 730 731 534 1 171 438 406 515 236 719 424 386 222 552 152 721 80 425 130 208 99 137 367 228 62 331 434 293 408 640 637 188 77 309 209 30 130 426 640 138 641 360 526 60 594 328 187 553 385 389 677 478 446 54 118 146 225 313 433 641 148 396 83 559 377 523 101 707 745 552 85 710 152 671 595 470 523 338 217 625 163 362 724 149 180 628 645 583 333 127 545 250 235 
490 22 138 21 43 446 123 311 158 716 50 239 77 747 122 578 539 22 443 158 249 728 616 360 642 745 67 577 354 704 242 602 726 744 295 374 298 133 444 631 475 170 347 568 98 217 94 572 67 638 241 289 518 210 262 300 312 184 177 325 117 140 47 240 90 455 484 143 564 64 250 548 182 625 370 673 748 301 364 177 523 260 14 117 467 520 169 105 297 727 165 550 138 719 63 148 494 109 600 206 
105 310 178 163 420 382 32 16 637 381 714 501 380 585 202 573 653 344 477 388 204 552 366 418 147 371 387 383 312 362 70 101 305 185 336 367 241 263 148 182 667 453 396 213 344 707 75 266 229 482 508 302 494 71 6 698 205 644 694 474 278 351 31 740 53 425 528 309 589 270 599 662 288 563 150 41 14 505 44 211 125 284 606 258 397 144 659 123 415 596 72 508 123 126 396 706 355 545 137 393 
141 389 388 589 27 622 2 646 182 21 335 29 334 697 118 189 749 115 22 242 462 707 131 98 204 471 490 709 708 675 727 368 214 305 405 289 457 355 146 73 591 549 634 534 426 286 111 72 119 8 161 50 304 235 503 112 108 422 540 401 187 12 97 669 91 148 660 655 175 340 580 281 388 545 388 161 484 147 655 621 2 350 11 717 465 39 1 423 565 159 303 2 681 335 589 557 194 35 514 312 
127 734 255 95 385 699 238 505 165 491 306 109 269 327 112 748 529 93 481 251 501 596 498 229 138 56 491 551 413 531 701 469 36 527 642 291 105 185 408 549 211 130 374 84 538 613 406 593 123 421 31 252 503 149 623 350 536 350 616 692 46 164 553 531 702 309 433 472 732 589 242 704 369 690 136 65 305 362 422 576 705 625 710 656 388 396 618 364 663 296 726 315 335 681 79 6 438 716 88 748 
665 249 222 733 718 379 643 416 28 161 540 424 491 697 347 469 81 132 239 605 153 749 390 241 668 295 317 345 417 520 288 236 425 202 182 95 628 505 396 220 91 63 546 28 277 153 224 186 236 615 147 118 366 468 94 354 413 379 265 622 593 557 717 576 517 430 57 369 36 458 700 622 524 335 328 414 208 399 677 342 171 90 589 536 43 743 646 521 78 94 468 302 443 496 527 217 335 153 172 526 
185 711 316 504 354 192 393 0 650 116 709 534 398 250 182 416 685 193 253 424 621 498 361 275 293 103 123 366 473 535 203 212 117 334 469 57 216 104 84 131 565 622 630 60 87 465 695 493 371 592 215 249 158 148 516 320 746 693 703 717 183 710 214 444 415 464 174 211 725 700 167 522 749 567 218 563 358 379 719 336 225 474 496 687 17 532 571 90 251 735 625 23 197 256 138 667 493 88 684 207 
639 344 10 531 253 665 737 390 471 27 497 710 434 491 349 741 190 640 606 663 248 473 540 312 375 471 245 196 328 254 701 23 663 98 296 187 478 462 668 232 184 464 606 519 708 127 230 151 76 142 516 274 544 255 102 369 38 384 671 6 635 668 699 660 213 258 135 665 562 354 552 484 115 660 513 324 342 234 631 198 40 424 301 31 702 293 396 520 401 455 729 478 264 507 673 449 316 68 235 524 
264 87 629 368 111 602 72 42 687 442 247 188 372 88 113 683 98 331 300 96 409 609 529 367 74 656 321 189 475 488 659 219 131 489 607 129 413 154 685 550 143 249 294 452 258 434 727 422 457 496 692 722 150 8 569 371 733 727 73 205 644 158 125 644 241 184 2 233 724 486 213 581 151 3 705 326 596 728 251 311 260 730 653 27 391 741 2 309 476 19 634 113 130 471 167 549 17 665 511 725 
158 162 550 524 465 99 420 455 711 221 180 537 569 557 285 416 92 382 49 106 344 74 444 320 9 33 456 343 141 522 355 137 7 498 278 696 420 47 379 724 89 109 614 229 472 119 658 67 163 472 68 183 677 570 178 704 714 97 303 74 126 413 741 42 742 204 280 249 375 675 243 541 162 21 537 640 138 354 113 717 636 461 269 263 356 535 500 204 640 222 103 465 45 56 376 557 46 46 380 46 
