734 193 694 105 559 88 306 179 296 282 729 56 542 590 36 279 94 543 556 282 129 590 635 381 16 77 673 517 728 203 681 73 732 325 382 640 31 136 611 647 453 59 535 371 287 743 533 556 646 286 285 423 434 157 304 57 202 626 81 69 558 31 231 707 396 178 192 645 80 211 47 20 676 637 364 186 205 39 365 21 44 252 307 620 716 288 381 638 344 689 35 151 238 141 140 232 84 691 15 106 
583 286 28 359 613 300 5 30 381 60 205 297 168 566 246 389 583 368 453 711 460 385 690 420 396 610 695 90 145 370 13 86 360 318 156 707 706 201 729 244 254 126 363 396 693 414 515 37 90 697 319 183 148 630 454 112 86 460 730 611 559 68 280 138 182 251 602 441 406 554 329 173 460 465 37 469 68 299 712 146 718 288 289 440 33 422 489 703 544 665 503 270 319 739 718 87 224 706 138 366 
296 408 336 420 582 25 26 309 591 592 471 537 359 389 133 721 87 127 674 188 164 162 605 177 706 669 643 552 362 271 692 407 718 644 248 415 129 271 198 151 337 725 629 608 583 446 187 657 38 675 645 360 320 640 517 156 104 672 446 406 629 0 543 703 559 508 585 39 271 580 627 50 191 2 43 494 407 121 656 553 466 328 538 512 14 435 572 83 170 502 452 298 6 413 611 460 534 564 585 21 
142 262 688 39 101 19 559 88 274 274 117 588 206 448 478 503 709 114 220 559 125 655 507 168 400 228 128 77 653 205 739 40 19 680 143 257 292 226 487 359 39 481 302 633 442 479 57 639 280 515 283 44 213 513 675 461 647 111 735 345 507 656 544 105 624 306 642 250 335 170 431 16 286 534 741 147 617 197 639 342 46 334 473 672 548 23 541 166 261 481 191 711 193 245 696 729 123 650 650 703 
78 481 691 523 442 210 138 13 38 229 573 470 737 555 314 181 250 497 661 508 417 702 628 495 139 629 199 683 596 384 576 729 163 103 341 153 714 195 298 292 540 495 214 472 65 360 239 270 499 297 591 274 252 71 240 213 585 566 239 46 298 414 358 293 581 330 407 686 670 412 363 166 713 555 598 22 581 361 550 493 41 649 394 487 332 119 667 713 316 360 542 619 413 130 608 556 97 306 452 196 
321 250 377 706 285 11 87 102 84 173 383 563 432 579 582 250 116 108 593 57 409 415 15 30 322 67 308 531 522 257 257 490 357 61 257 143 471 587 493 468 52 88 298 582 502 477 207 385 543 216 128 394 541 21 607 162 82 509 42 427 477 455 341 191 183 131 20 382 104 68 614 113 624 99 152 577 165 87 38 255 177 601 468 334 377 246 270 406 662 745 495 91 182 58 744 154 344 263 538 148 
255 89 501 323 597 469 479 217 645 696 600 248 47 141 425 90 199 9 406 193 242 690 724 458 79 288 223 300 564 654 67 680 76 602 425 177 484 120 643 23 440 459 618 278 126 695 703 35 565 576 670 212 630 526 459 710 477 450 524 533 31 506 487 501 318 442 464 241 205 444 630 730 114 348 639 296 262 17 604 698 578 30 474 442 614 137 460 364 745 464 143 569 576 448 544 363 220 455 110 658 
648 563 584 175 558 164 630 479 53 399 285 0 651 304 480 388 408 602 660 79 243 532 565 631 724 630 70 139 102 141 394 525 322 283 694 391 459 95 76 345 704 27 289 0 28 660 71 60 104 216 347 438 216 256 28 179 430 96 37 94 614 28 318 533 720 141 323 746 278 89 698 616 400 357 282 203 712 232 346 259 291 261 175 684 165 502 274 268 93 124 69 649 147 48 134 327 725 372 438 301 
57 480 741 611 488 239 260 449 70 161 483 276 452 446 671 680 386 36 495 675 273 476 592 599 474 179 601 628 417 448 607 241 400 202 399 100 741 61 664 503 710 242 53 478 514 465 213 449 524 442 154 467 190 612 684 449 128 213 213 647 37 0 36 693 688 718 370 162 397 605 196 289 320 87 685 240 47 692 567 403 730 115 202 719 547 154 278 524 683 561 163 154 324 198 50 390 398 356 124 651 
68 155 18 640 437 155 478 655 335 735 600 129 504 551 75 65 187 31 211 610 297 231 705 174 338 588 61 471 266 315 562 197 581 443 358 474 569 202 516 664 109 186 551 587 372 345 463 126 651 63 389 132 688 12 289 740 157 468 615 217 609 572 145 699 671 418 331 421 606 602 136 694 740 531 528 129 673 159 542 548 637 521 352 120 616 97 122 425 252 620 399 334 54 219 33 68 38 224 656 517 
200 329 682 698 297 294 509 546 56 520 741 39 43 446 263 31 621 722 646 328 38 489 165 649 505 184 158 234 275 225 189 621 544 135 194 670 525 411 574 221 216 735 209 290 193 306 154 747 589 209 557 552 73 537 588 166 447 741 152 689 187 247 370 567 449 176 273 591 98 535 441 744 408 262 98 272 605 271 159 253 448 495 554 262 666 355 198 12 657 196 668 164 704 568 545 63 445 654 433 254 
618 300 679 61 682 108 46 260 443 723 567 212 406 331 289 109 730 90 337 721 225 524 616 431 257 465 393 709 700 371 228 706 384 24 747 545 150 111 713 5 64 300 218 426 17 535 432 270 144 512 542 734 536 461 102 249 667 359 502 740 388 194 466 270 103 5 437 172 737 727 209 563 273 281 122 336 91 58 142 213 212 183 165 98 535 397 25 207 684 194 522 573 744 623 154 309 179 243 447 361 
428 209 665 266 15 716 412 292 558 148 581 429 438 73 446 339 480 481 0 130 487 591 261 491 48 189 73 158 659 200 308 441 717 425 450 204 236 317 54 285 585 421 128 185 715 104 244 550 155 269 381 119 698 656 381 191 428 523 239 747 588 76 174 75 715 579 400 236 489 548 133 749 421 539 437 234 634 465 22 37 193 342 522 316 372 175 429 41 21 121 654 743 100 462 583 640 39 667 641 268 
20 553 625 667 642 32 608 391 748 8 113 693 1 687 516 618 218 418 286 747 523 297 323 302 115 256 678 615 369 93 248 710 544 210 104 40 87 262 534 744 217 568 485 354 532 66 441 447 646 103 223 228 733 212 490 428 624 481 739 425 484 36 535 746 412 363 535 417 687 155 325 154 720 163 460 13 66 344 647 18 259 414 612 24 184 56 131 90 384 415 112 80 419 276 370 350 444 518 466 561 
672 6 76 703 289 310 214 251 682 485 434 51 535 502 713 564 12 690 461 37 278 531 84 551 540 460 288 7 349 451 100 606 45 671 621 588 175 725 307 128 515 536 123 39 685 481 405 187 644 256 716 591 651 537 492 432 221 52 345 471 51 387 727 325 640 341 580 707 51 304 422 21 517 355 23 501 78 398 136 388 71 511 350 278 509 72 578 209 203 59 118 291 617 710 503 400 586 307 526 499 
273 464 575 520 645 422 196 496 31 570 560 518 308 259 70 203 54 256 204 3 1 143 619 484 94 578 743 691 590 457 267 715 372 531 706 588 205 45 404 573 518 437 596 657 701 422 54 190 631 410 548 617 444 12 414 664 154 343 559 407 136 729 115 306 40 282 339 327 566 82 681 340 463 231 354 184 408 4 748 158 333 302 748 7 153 224 22 435 434 291 255 189 253 176 653 53 684 282 81 746 
370 505 64 660 680 110 278 477 132 360 337 480 592 203 453 217 562 170 465 421 729 456 701 544 334 665 667 260 637 219 234 532 326 408 61 654 695 452 681 483 100 638 222 587 109 311 506 504 149 320 733 254 299 56 154 179 745 416 425 468 125 54 394 206 199 142 198 1 484 62 534 342 407 89 347 186 689 294 351 514 723 729 605 127 297 540 725 150 736 746 6 261 339 428 315 735 321 213 454 388 
180 266 355 65 153 82 584 238 138 32 284 746 617 52 81 220 70 288 412 691 530 537 402 535 378 178 605 242 547 423 328 24 310 69 586 341 504 529 98 248 637 607 702 645 745 273 125 522 394 432 83 410 500 735 394 383 306 661 7 706 82 442 58 394 631 659 503 230 418 463 521 744 543 314 429 44 48 194 244 261 473 534 189 604 725 190 484 732 62 631 598 281 369 218 382 719 79 723 519 448 
217 231 239 741 214 432 583 150 45 499 393 727 190 140 72 661 166 512 692 241 83 91 345 278 236 603 242 86 464 433 402 374 681 510 624 101 347 673 709 362 568 654 52 193 104 226 440 411 543 697 509 385 395 475 602 150 1 13 634 747 115 588 304 4 490 577 551 353 637 212 685 185 458 508 415 212 472 252 374 306 156 73 393 140 311 487 521 488 81 660 470 549 465 522 714 299 330 44 616 175 
654 459 27 31 670 188 183 410 727 126 324 490 582 265 609 490 229 207 445 25 417 411 490 97 395 20 26 18 417 120 415 143 700 272 602 5 650 728 60 117 695 490 324 466 262 49 607 213 16 735 304 418 13 408 94 268 497 296 485 152 598 561 568 463 720 689 399 31 461 205 218 206 184 417 331 122 342 214 623 374 497 387 644 198 686 164 744 429 491 531 173 62 194 9 129 298 353 18 508 247 
671 29 351 377 377 461 352 543 389 435 78 13 644 409 616 302 313 506 598 273 77 405 324 251 122 152 439 116 668 479 443 426 683 210 602 31 705 646 550 434 422 198 450 746 336 245 276 96 48 626 570 1 613 514 545 628 130 528 57 376 409 527 516 219 456 340 407 399 474 404 491 392 327 361 667 195 185 359 13 545 108 516 62 551 621 452 544 744 188 25 66 595 271 562 445 180 230 343 398 680 
419 709 23 420 35 325 678 469 446 628 89 527 56 33 477 706 567 729 648 307 419 345 498 565 67 221 281 41 54 243 732 635 737 443 188 681 501 341 367 256 318 392 400 112 196 348 722 684 379 621 307 164 416 290 389 68 115 571 519 389 308 629 282 529 54 440 108 226 297 13 690 251 429 479 197 687 181 253 156 50 95 320 569 572 389 495 314 424 140 410 665 236 667 455 214 439 388 15 278 748 
468 256 288 154 586 661 100 621 224 83 659 606 482 749 105 444 75 424 33 747 492 256 435 251 330 224 354 429 222 718 544 347 423 586 322 688 4 412 81 118 529 274 115 677 737 280 741 299 235 626 556 140 290 36 110 227 327 307 107 86 448 511 158 512 598 101 442 138 363 168 499 57 702 612 375 132 733 269 369 348 516 250 168 514 256 465 594 113 1 136 541 22 152 340 206 409 27 481 744 7 
272 121 317 494 54 697 46 613 736 270 36 676 552 275 603 538 349 405 693 250 237 747 282 143 84 385 661 578 735 506 154 110 230 104 154 322 528 747 203 749 477 285 376 543 25 512 634 136 164 199 14 671 465 505 656 106 455 238 100 444 575 502 8 534 433 453 442 609 595 276 458 480 130 532 157 580 498 125 237 541 265 693 337 247 678 357 260 366 369 511 719 114 500 717 184 606 542 452 735 616 
500 167 125 254 33 695 270 77 240 571 406 726 105 359 312 24 447 603 161 611 127 710 84 80 700 124 30 730 607 119 513 174 355 132 292 556 164 442 206 734 152 175 106 222 335 707 654 455 602 604 661 109 706 611 131 708 199 615 145 547 611 384 50 75 262 682 243 132 250 122 597 368 662 365 305 50 550 409 504 366 572 572 602 81 531 153 415 559 81 381 132 724 745 197 529 231 422 232 56 482 
643 297 155 478 743 362 457 4 274 371 86 529 59 69 490 343 666 524 364 547 258 713 46 700 97 688 234 431 328 704 255 434 409 480 234 698 677 6 287 437 405 733 244 315 600 203 174 698 143 363 718 11 118 231 213 708 448 435 605 439 268 428 657 17 43 454 322 304 563 451 722 709 610 529 192 9 484 682 133 707 402 25 180 700 699 373 713 217 276 250 130 72 343 544 545 107 662 626 475 231 
538 469 192 688 660 564 282 49 121 100 189 721 559 25 500 715 27 478 111 526 702 644 452 625 464 742 173 301 652 173 675 303 324 379 399 279 309 588 449 515 426 561 96 153 698 166 297 103 444 627 424 384 291 609 605 731 587 113 63 5 524 223 485 501 148 597 495 649 686 285 500 664 395 573 630 366 311 416 598 281 638 308 709 138 73 53 703 447 248 277 726 112 714 617 88 215 568 142 136 1 
418 355 397 606 569 655 16 53 262 724 282 576 553 320 524 122 203 650 500 508 474 703 408 577 377 376 521 441 741 615 749 336 257 396 436 376 549 727 272 144 705 220 59 240 699 63 111 425 298 490 86 483 425 499 627 73 554 526 494 365 44 196 463 352 134 504 32 401 731 527 112 396 629 267 279 592 413 483 504 430 654 412 454 155 285 30 582 371 487 520 264 315 203 115 160 345 710 245 205 514 
56 121 311 501 275 197 700 451 60 662 701 310 228 435 681 160 0 280 265 460 611 28 247 492 275 20 12 368 39 380 395 422 561 143 307 535 220 537 142 702 332 478 725 746 439 47 520 541 129 601 400 123 255 722 207 39 573 591 587 461 86 619 93 274 60 109 95 735 96 532 67 426 702 427 299 674 331 449 3 1 526 392 200 398 228 168 299 456 473 68 296 473 28 137 445 93 394 335 587 690 
337 158 535 592 217 69 682 571 430 577 122 399 572 363 595 400 696 185 29 164 200 599 484 529 239 578 449 523 268 252 535 490 664 538 265 311 223 47 589 207 441 279 648 236 726 399 72 680 593 37 273 461 485 625 749 508 217 335 8 169 164 320 590 501 152 582 272 582 375 119 502 91 459 655 297 365 743 377 285 383 460 243 509 87 372 652 675 565 425 678 575 455 91 403 460 96 341 345 516 600 
605 92 607 23 277 253 597 121 419 557 674 662 300 447 602 135 217 72 118 146 502 148 526 537 154 411 70 189 218 667 537 645 194 391 144 308 650 319 467 673 402 34 668 692 45 564 289 126 189 573 133 702 17 499 589 420 735 354 316 699 374 535 498 172 197 502 306 313 708 65 195 351 114 485 431 388 306 490 390 434 267 711 550 209 714 418 612 737 296 574 398 89 687 420 145 64 732 15 252 141 
545 706 170 174 1 167 112 742 352 519 149 662 708 588 663 668 519 307 27 596 344 13 433 94 624 488 648 556 230 349 452 457 184 330 422 2 93 669 135 483 417 694 358 232 79 692 559 371 52 553 671 425 178 141 577 475 382 661 278 311 396 255 554 127 556 584 97 369 515 683 102 633 146 524 0 512 278 57 256 597 323 720 735 347 410 618 222 229 551 270 643 113 552 319 249 130 39 509 410 234 
116 212 408 472 378 201 359 487 711 68 43 187 310 360 297 356 197 579 13 183 204 649 735 439 242 706 427 166 458 627 17 394 609 628 451 299 95 416 621 55 651 189 715 737 649 219 519 371 524 578 529 633 304 293 687 371 145 468 232 729 278 180 390 589 234 117 79 229 225 523 77 538 627 738 285 366 688 281 700 185 172 700 425 184 475 220 215 650 178 667 580 46 661 123 620 716 562 197 393 592 
411 378 654 362 749 575 35 468 403 689 244 497 731 148 302 717 323 107 172 674 358 733 354 660 216 73 188 27 437 236 287 30 454 285 634 128 136 218 431 462 500 356 439 666 553 705 235 117 365 598 534 516 226 714 157 651 710 438 695 701 20 684 315 692 549 246 647 78 539 459 17 40 575 378 428 207 103 504 567 295 8 357 107 69 172 704 631 571 89 517 323 574 546 305 324 268 353 247 214 613 
700 694 497 149 442 46 723 241 356 209 413 202 143 175 106 472 576 147 386 33 727 112 644 353 531 499 146 703 720 722 225 505 442 416 619 566 536 654 724 314 651 635 554 47 319 360 579 434 185 320 36 655 481 223 620 673 32 694 348 699 414 303 690 469 379 201 613 18 62 658 396 647 550 394 596 543 14 635 747 89 270 61 644 346 544 48 525 539 705 705 736 38 610 374 452 58 192 438 698 44 
60 748 612 298 232 447 77 483 652 10 632 246 647 615 84 4 361 37 328 384 215 390 402 217 445 232 13 17 118 637 327 723 57 98 614 271 668 590 307 379 532 372 408 87 195 737 658 107 285 284 277 744 591 229 105 67 717 655 723 501 443 119 210 625 484 294 496 223 106 198 563 552 701 125 354 167 139 315 211 598 598 404 544 116 335 512 643 598 653 391 287 36 744 38 521 89 491 193 740 439 
642 15 165 331 581 89 386 502 427 37 36 718 242 457 653 335 584 365 549 204 674 132 547 19 180 149 209 537 599 543 662 321 149 314 611 299 95 600 4 462 642 224 719 263 392 204 515 446 213 279 363 732 612 40 447 328 201 304 458 323 44 115 715 3 292 483 674 101 252 660 364 555 355 725 524 233 77 604 610 64 446 559 321 552 514 258 586 660 56 172 188 146 241 610 474 420 586 531 611 636 
312 234 705 470 504 278 294 225 95 115 588 282 302 577 702 611 299 341 113 637 68 503 554 463 49 192 365 236 301 226 204 79 446 540 656 49 286 664 749 55 83 129 667 281 109 320 270 60 619 349 118 556 323 130 218 217 452 477 684 468 23 241 431 628 232 707 697 740 726 533 221 330 408 0 241 434 708 626 489 626 37 37 7 70 20 1 74 699 685 580 382 561 202 310 527 486 217 601 196 168 
126 367 206 201 384 284 17 238 318 361 613 44 273 359 556 256 367 132 255 133 87 528 711 580 240 735 748 668 584 301 123 383 636 462 453 305 700 304 340 97 385 45 345 72 498 3 446 101 653 117 647 588 516 103 593 0 445 700 532 675 467 335 49 20 415 464 467 573 293 9 677 54 486 708 698 723 91 123 427 195 209 636 371 373 419 514 555 184 595 653 624 570 711 179 453 410 718 351 24 226 
689 371 364 312 422 302 80 321 560 535 651 71 661 733 555 87 472 705 707 173 564 211 204 402 537 330 647 272 78 201 564 725 450 557 339 712 375 57 743 179 106 575 393 404 215 20 59 319 534 300 101 379 560 251 738 496 127 408 331 449 587 657 103 572 209 415 659 505 289 554 602 383 145 492 243 471 354 170 214 484 386 175 550 621 28 307 681 235 59 306 289 495 403 209 106 42 633 581 272 598 
150 453 615 78 468 284 196 513 640 475 372 219 206 386 97 127 13 188 437 260 659 364 478 531 208 683 8 436 247 299 474 504 558 250 686 417 328 400 638 641 445 559 103 237 669 455 582 249 620 322 217 449 107 389 442 142 30 251 552 559 270 351 184 178 89 305 530 289 176 469 35 608 403 610 516 205 75 120 715 10 213 719 167 257 319 633 55 515 695 135 677 528 636 700 154 199 701 278 257 413 
102 387 476 323 725 684 404 403 171 85 344 561 22 221 183 397 601 300 386 514 535 439 64 446 403 540 77 321 590 675 71 745 128 448 169 319 221 651 100 526 380 521 455 492 518 252 204 68 471 592 532 663 514 567 394 692 344 730 447 169 536 606 107 532 256 462 191 590 174 713 384 653 55 26 581 231 536 87 618 299 593 395 553 86 322 537 334 703 408 149 410 278 665 492 488 279 360 405 742 715 
749 191 60 563 492 703 181 651 171 544 531 88 575 76 553 603 30 185 325 425 705 603 199 589 573 104 626 13 14 520 388 433 603 181 170 311 383 85 83 14 595 348 356 259 237 164 277 157 683 426 275 19 578 368 434 685 708 298 615 323 735 177 50 675 506 436 238 278 418 419 699 203 546 2 209 361 259 711 89 598 708 26 310 265 224 414 391 20 345 9 357 284 452 51 518 460 704 5 527 317 
123 418 60 547 18 624 188 266 86 196 223 183 23 101 78 661 573 431 375 741 19 523 436 747 538 464 720 749 93 516 589 90 278 282 106 245 369 382 666 587 21 315 33 42 663 313 248 228 466 608 618 136 593 690 725 585 277 219 203 645 557 701 140 746 552 602 107 388 237 76 215 191 579 212 706 715 150 192 155 281 688 29 468 98 493 728 49 215 149 586 65 622 564 138 204 478 80 275 188 723 
34 92 214 525 704 51 123 413 608 350 441 390 167 529 128 481 153 384 504 559 563 516 628 329 356 705 4 1 637 327 397 407 36 340 476 22 250 104 426 225 453 464 698 166 63 644 419 492 624 306 422 330 354 727 479 556 271 395 537 73 695 33 80 718 513 370 336 623 36 450 217 125 162 76 558 477 661 391 535 248 231 209 603 481 19 602 145 3 409 16 18 174 673 385 524 377 98 579 326 96 
289 577 682 15 257 45 620 216 726 468 518 22 112 603 386 273 266 489 490 237 733 243 162 108 397 55 298 692 702 143 556 410 647 192 340 420 554 294 435 567 685 289 51 479 182 367 80 225 467 203 226 507 680 68 194 187 608 468 430 703 10 642 34 399 213 486 405 290 450 665 111 451 605 3 418 191 684 495 211 378 438 290 243 679 69 312 303 480 523 208 728 245 306 184 341 332 266 559 117 178 
366 478 724 387 304 204 291 369 692 13 77 67 385 248 725 315 496 397 200 347 274 382 692 407 168 727 222 55 229 303 143 101 72 471 336 308 224 669 694 366 21 579 694 114 732 483 514 64 315 78 48 171 614 240 388 591 469 347 250 151 254 0 269 410 597 164 227 13 272 695 502 209 600 383 117 400 329 461 574 268 283 653 281 611 315 53 501 645 160 684 411 33 371 152 614 402 66 210 734 556 
745 488 481 548 135 248 604 45 434 502 468 676 109 345 337 62 274 19 142 290 434 193 730 83 589 260 187 512 345 558 396 210 655 241 513 175 645 62 645 230 505 736 379 624 120 136 103 17 332 556 719 672 383 194 703 206 329 505 349 531 684 510 219 578 443 363 585 572 441 563 273 623 157 416 130 412 166 127 259 169 259 276 278 558 75 92 94 118 152 537 364 461 92 215 499 17 708 441 320 95 
647 52 433 183 489 334 627 725 199 230 431 23 504 547 252 143 656 374 620 42 602 219 296 407 620 619 249 677 478 46 196 723 181 683 149 681 222 694 395 340 677 747 288 339 692 414 679 10 368 70 287 474 652 613 653 402 669 572 721 198 496 236 39 378 310 208 391 71 256 416 136 27 368 236 412 186 145 120 713 98 679 386 551 683 414 515 23 117 414 702 435 8 395 728 584 85 39 691 386 152 
724 136 78 608 106 181 728 586 77 645 363 556 439 35 140 678 218 669 100 365 593 469 382 311 255 474 131 564 491 549 560 748 130 706 376 636 534 323 578 177 185 182 25 425 736 598 481 562 552 17 194 97 720 470 556 86 316 660 422 159 526 494 397 405 196 194 536 499 609 39 554 294 557 605 197 581 278 473 561 660 331 486 524 442 176 77 651 85 51 383 478 368 375 642 349 474 552 116 684 46 
312 255 541 70 457 540 264 379 528 691 566 588 185 180 141 667 580 551 686 583 73 746 515 81 539 406 335 103 523 705 66 446 187 30 355 693 349 43 465 29 513 312 668 467 618 476 219 431 418 717 328 630 407 526 43 79 586 510 30 158 113 157 279 596 359 202 601 55 622 654 158 133 338 514 43 461 99 377 530 532 417 479 319 534 540 506 517 549 357 568 648 333 236 120 78 713 477 495 87 413 
612 93 303 464 385 557 102 491 23 189 23 193 418 77 583 640 120 648 439 106 310 4 49 309 3 204 515 243 521 447 139 207 280 47 748 441 98 265 280 287 732 330 176 243 21 365 334 73 509 380 484 236 144 310 169 560 469 239 84 235 747 678 340 454 317 452 461 618 2 598 230 316 193 38 195 221 657 747 735 477 694 329 396 46 635 360 161 567 314 267 613 629 474 640 204 429 594 427 11 209 
146 544 569 339 621 163 29 522 49 206 224 254 624 353 589 589 644 60 149 602 219 32 513 542 617 404 553 197 621 289 589 319 625 459 692 104 356 322 358 429 233 129 453 99 695 12 28 538 284 681 293 460 504 241 140 462 582 602 409 563 126 336 255 710 129 282 262 436 203 580 638 653 290 398 349 462 196 346 369 226 521 595 688 676 672 317 126 284 106 415 565 122 263 336 457 33 110 281 606 649 
375 703 252 562 379 296 38 334 360 311 316 143 344 470 717 93 148 134 566 581 236 446 534 281 326 734 208 99 616 310 611 332 32 438 184 609 418 189 435 482 617 629 228 418 56 610 502 80 76 297 333 529 332 305 332 647 113 459 180 107 701 319 131 97 226 731 19 479 191 721 658 445 40 688 105 71 520 97 379 28 203 74 245 729 549 224 479 640 507 391 161 398 39 362 274 365 260 726 483 709 
223 440 611 502 163 607 741 13 394 131 673 300 546 271 414 155 334 531 213 467 179 641 44 719 24 249 347 47 291 69 382 728 153 190 133 222 435 722 375 330 166 280 16 604 244 588 129 476 447 104 257 96 618 269 341 227 700 234 736 58 692 300 699 639 130 166 602 254 745 317 60 747 315 622 204 635 383 478 280 232 479 454 626 749 582 283 166 718 319 328 201 375 261 747 500 419 112 660 381 430 
165 624 258 399 720 640 73 132 477 71 591 602 527 371 284 690 203 407 56 395 282 411 367 730 496 151 685 202 391 513 304 677 406 145 493 255 215 610 176 320 719 466 192 157 269 531 199 473 578 349 80 334 714 695 22 146 53 698 577 47 551 684 205 394 681 258 216 284 269 161 590 218 478 496 46 160 696 673 575 127 712 497 516 39 336 224 707 635 747 347 585 636 218 211 425 520 306 361 193 272 
375 4 574 153 320 189 292 480 590 639 101 4 290 473 422 381 682 106 720 271 108 219 5 274 334 718 22 306 84 300 596 448 303 715 459 156 222 24 134 392 567 315 509 214 709 347 280 663 563 103 591 629 94 666 485 477 383 639 344 489 454 137 717 165 672 384 746 585 87 464 146 599 481 721 691 625 241 406 442 573 617 487 375 564 56 474 543 96 177 298 420 296 342 383 413 432 643 20 471 571 
497 168 540 407 51 676 618 624 372 400 325 191 494 648 576 181 74 428 67 160 40 62 304 317 277 494 218 399 172 678 160 216 517 493 647 315 541 366 423 164 267 530 22 506 226 76 702 669 393 493 546 123 677 398 32 325 307 432 246 412 10 230 553 470 298 301 134 178 491 309 50 448 517 695 477 646 584 326 246 432 144 621 627 292 249 608 147 422 69 85 252 631 486 163 647 248 260 113 555 525 
272 88 121 423 660 312 200 128 420 282 244 168 463 691 272 151 67 323 427 235 680 311 91 448 474 279 228 13 179 203 102 545 583 133 320 341 109 692 160 646 130 199 392 100 339 103 117 39 165 25 635 360 704 681 241 342 392 16 227 497 332 257 533 47 96 460 259 730 507 133 109 536 155 378 197 206 245 383 96 274 444 10 291 220 598 232 296 717 239 72 403 690 118 231 298 500 636 663 574 375 
426 664 469 252 50 236 364 273 580 95 66 241 328 442 629 264 744 184 473 634 56 549 215 143 134 11 376 530 266 440 389 120 98 494 499 176 575 504 141 596 118 733 506 521 557 31 676 410 243 524 108 527 680 327 373 412 671 681 690 134 612 568 78 510 434 69 595 331 392 516 204 474 151 721 210 583 413 356 372 153 82 134 371 8 508 173 75 558 449 309 460 737 631 656 5 688 539 512 505 147 
172 167 5 232 578 253 610 288 489 325 732 245 717 648 105 56 0 665 293 435 312 179 616 170 72 130 748 533 430 449 364 425 629 488 246 522 242 204 62 636 441 163 224 213 743 166 740 82 642 466 195 173 623 238 349 119 229 299 678 200 336 686 411 393 555 23 117 197 452 394 201 302 719 195 298 89 239 700 54 346 501 71 725 171 117 468 45 466 708 269 346 635 361 514 4 420 290 235 528 171 
656 630 571 84 604 93 429 696 423 550 716 340 222 72 273 72 458 498 652 211 696 228 114 521 359 651 103 514 215 98 175 134 2 185 350 708 115 97 541 651 427 660 532 357 441 647 39 592 525 691 563 246 118 0 272 370 291 534 556 609 61 472 172 45 564 509 321 517 406 543 80 289 113 459 123 151 393 570 407 705 337 641 182 640 267 437 635 165 98 619 563 224 296 14 223 607 74 40 99 268 
140 603 495 507 716 107 37 615 623 397 298 124 360 626 640 119 228 241 21 448 400 489 229 359 740 14 199 596 0 429 208 352 558 10 456 743 222 679 634 266 453 603 351 389 525 387 351 744 113 233 234 248 478 226 459 101 505 311 473 278 413 25 288 342 410 383 115 654 241 234 415 545 285 442 675 27 117 399 363 290 364 295 527 424 521 132 349 712 14 93 711 712 386 628 316 196 562 390 131 227 
62 330 518 53 48 249 150 91 654 320 151 152 718 126 196 36 701 721 543 93 485 381 739 693 132 269 424 728 139 528 683 185 686 673 165 726 0 230 178 174 351 21 219 385 204 43 537 721 83 191 626 572 698 275 712 97 543 196 328 198 612 645 617 26 275 200 465 729 441 170 74 377 526 108 245 164 718 692 531 123 658 471 466 315 460 479 716 283 708 605 650 19 444 689 369 42 669 82 382 582 
219 419 232 92 2 367 526 610 111 287 698 661 132 706 369 696 710 525 359 639 623 122 559 731 730 190 543 45 637 209 14 446 527 677 456 198 238 336 196 697 366 656 275 9 354 724 228 195 74 513 735 593 503 411 418 262 538 224 743 587 143 112 314 639 67 459 361 171 662 465 505 74 743 445 274 668 385 102 555 737 98 408 155 311 199 12 691 448 70 522 616 299 59 343 85 654 354 181 528 404 
341 206 612 281 315 129 421 111 429 598 464 599 69 739 204 517 13 503 158 50 37 572 489 281 725 688 539 608 463 254 259 171 57 442 8 249 446 516 199 583 386 204 492 469 67 406 202 714 172 107 5 184 210 251 214 460 334 59 218 24 551 725 625 179 467 305 307 334 67 550 290 623 603 592 708 206 36 316 723 388 82 546 74 161 173 518 375 234 117 406 305 31 530 6 433 483 476 74 739 246 
165 203 202 311 85 186 123 296 664 317 541 338 346 243 486 377 537 643 331 545 372 91 584 237 646 22 728 606 133 298 408 655 508 297 588 464 17 340 328 631 484 17 201 367 457 87 306 457 277 518 122 640 169 229 477 353 205 84 58 633 162 471 534 554 441 254 697 442 295 607 540 225 325 624 522 553 641 662 664 364 609 77 578 742 182 362 490 713 55 583 188 636 469 539 709 125 391 578 406 112 
694 57 592 552 539 446 4 732 249 522 78 735 80 394 496 361 602 251 16 597 342 742 158 496 421 660 629 228 22 605 200 650 447 407 187 427 599 142 419 314 112 452 221 581 565 568 447 33 691 391 571 652 271 351 722 602 11 230 607 329 600 3 448 451 738 126 632 86 194 182 525 431 704 417 48 337 466 84 702 337 497 686 305 707 129 565 659 347 712 536 362 279 433 41 109 490 372 378 389 158 
152 103 102 8 178 369 224 80 480 726 301 107 693 564 419 458 477 622 697 436 640 422 645 147 640 531 556 461 387 65 736 678 306 60 129 493 649 187 709 44 132 393 522 700 610 129 304 743 189 324 336 578 376 340 684 564 653 692 436 153 482 730 339 572 70 305 591 607 643 485 121 334 492 549 381 749 312 687 670 595 434 323 561 240 373 315 219 129 412 21 167 40 49 204 501 426 635 390 708 96 
114 361 414 232 192 276 144 659 255 293 361 132 458 621 614 197 85 483 181 540 474 362 99 461 377 1 379 694 520 481 490 482 677 575 694 162 159 202 299 593 592 396 112 433 306 516 183 464 108 498 105 423 169 431 622 188 713 62 731 26 539 562 628 38 177 371 173 415 380 537 620 522 421 4 241 432 293 674 267 347 217 460 610 63 376 487 611 338 469 367 453 177 51 195 588 85 85 191 411 232 
138 146 297 175 212 480 704 723 87 361 528 175 113 402 449 598 280 371 143 0 482 22 43 58 242 314 50 481 65 229 591 453 25 133 116 304 421 226 290 321 379 621 203 35 695 394 269 609 151 545 602 89 73 653 386 527 615 164 237 556 518 609 50 114 217 27 506 666 679 574 197 83 691 403 714 572 19 382 297 51 532 300 304 10 399 66 453 5 657 73 53 719 677 404 194 374 128 617 436 312 
29 72 739 91 72 431 233 171 341 65 398 535 280 242 605 190 636 33 121 648 244 469 459 384 48 168 563 531 304 593 131 583 671 716 549 247 149 87 439 257 611 105 541 314 544 327 310 582 66 292 115 446 739 94 333 452 490 157 338 558 303 195 33 42 291 737 433 666 344 241 228 513 401 116 564 48 36 93 517 662 204 565 0 315 373 558 375 136 327 89 15 302 707 741 51 578 715 311 30 584 
124 189 553 663 251 156 461 554 566 160 520 697 241 737 11 59 133 285 702 189 348 652 14 516 748 421 423 320 695 65 352 376 266 20 516 186 395 39 274 272 417 266 352 712 511 442 717 681 69 281 488 86 696 728 338 95 348 468 279 206 702 378 545 345 610 155 291 104 243 488 200 569 736 428 603 254 295 747 541 229 561 153 107 378 229 687 113 108 328 716 60 125 93 520 378 146 59 368 505 214 
583 478 77 433 466 528 526 646 68 453 79 252 16 69 204 338 269 76 581 748 1 634 656 581 176 553 185 630 271 530 270 68 450 417 73 509 323 319 166 483 234 75 493 383 401 586 376 548 281 677 375 115 276 436 229 49 451 697 224 500 293 559 702 241 23 694 229 102 375 64 536 136 90 58 565 700 264 521 492 363 639 220 193 448 321 255 159 277 65 642 336 173 656 241 420 602 157 647 454 174 
214 177 150 17 181 84 214 637 162 110 172 627 197 169 656 164 438 503 365 286 105 59 235 169 208 676 282 25 654 580 530 57 742 140 278 525 409 48 731 532 230 335 6 264 455 418 472 32 634 192 182 177 609 50 537 129 374 582 378 425 494 495 623 228 659 514 678 371 141 525 508 651 184 365 340 431 124 95 233 749 30 221 20 216 40 432 177 658 607 223 37 474 318 378 486 103 493 174 55 734 
170 345 289 151 249 111 2 547 40 508 118 168 561 496 453 300 255 27 726 213 455 713 359 620 229 431 491 705 296 634 154 641 236 283 742 309 228 623 59 586 272 467 693 516 686 44 363 547 91 298 628 411 496 35 643 80 492 501 648 731 686 451 226 87 471 295 564 81 487 280 349 48 297 212 662 194 695 241 349 82 278 729 443 25 82 483 695 368 262 238 87 252 126 301 203 93 472 321 164 308 
168 44 410 440 504 718 562 478 118 546 713 607 724 734 86 238 679 651 357 502 463 207 521 531 303 388 574 738 744 286 517 726 244 691 52 24 511 405 570 547 138 461 579 293 570 694 91 604 747 265 388 6 625 153 303 687 286 320 31 359 222 42 446 477 230 615 570 621 332 395 214 493 194 396 506 123 561 453 398 84 628 137 604 231 207 606 423 513 403 501 248 280 534 410 436 593 205 42 248 578 
139 290 392 46 234 285 287 317 158 74 245 280 366 139 521 499 666 244 187 658 44 685 692 420 240 408 320 12 290 512 352 710 84 662 140 593 359 166 508 671 533 67 293 472 679 247 158 175 566 725 557 482 430 208 529 402 308 75 551 85 419 665 691 430 715 509 560 395 139 692 701 224 486 641 558 557 719 16 558 165 185 177 632 716 288 238 411 407 418 73 704 530 338 223 486 351 24 549 195 406 
229 81 155 16 11 254 404 596 538 601 213 612 480 459 311 465 694 544 48 142 128 356 687 476 588 277 501 434 661 499 638 415 626 346 680 382 296 298 568 285 700 206 369 203 85 75 166 258 519 706 295 568 476 518 332 476 20 175 500 109 244 7 405 424 54 657 268 197 211 128 673 748 310 418 526 147 274 48 353 266 408 175 317 440 408 427 555 670 12 691 700 347 530 151 310 540 100 227 469 344 
284 583 215 732 73 389 170 197 343 352 434 66 356 698 14 286 302 110 123 430 541 623 607 144 724 29 627 45 665 102 282 478 219 417 2 641 450 585 272 324 673 656 305 145 399 369 254 389 230 96 443 442 358 373 409 272 475 687 641 342 138 214 194 12 456 615 19 0 733 358 59 597 129 96 249 343 335 154 676 557 654 615 309 106 45 439 102 505 343 333 599 512 293 256 213 417 270 415 584 47 
544 89 475 36 733 274 135 425 343 312 622 642 522 324 581 427 693 155 649 429 584 445 45 24 644 304 333 672 474 716 153 340 246 24 254 470 458 241 219 83 76 685 220 15 153 115 543 84 257 684 465 369 347 181 465 471 286 19 16 261 199 386 283 644 298 512 311 22 431 529 395 97 319 0 569 523 600 114 44 167 201 4 22 690 493 415 107 139 142 143 495 209 113 7 672 370 454 447 104 551 
212 389 658 472 348 33 503 122 73 145 591 597 301 461 242 533 312 738 196 185 144 251 224 316 240 375 598 10 49 610 573 442 322 216 358 519 520 639 110 740 179 712 275 530 432 232 301 294 5 204 508 139 555 479 175 426 301 255 248 556 424 325 111 370 175 208 211 42 19 274 213 544 251 53 339 206 689 311 628 410 735 569 453 263 698 603 41 599 461 127 374 569 19 2 382 304 382 443 56 165 
42 726 642 564 537 373 348 309 53 58 372 94 76 51 296 114 691 441 249 707 65 401 669 35 551 433 90 432 212 283 637 207 610 133 459 263 460 340 537 643 29 377 685 45 495 320 688 735 179 665 1 665 115 722 359 597 547 674 584 1 417 238 263 626 293 198 447 702 640 55 725 657 149 311 223 310 457 26 421 731 689 26 445 606 45 198 90 308 597 450 23 265 124 566 116 19 6 703 159 160 
590 121 603 471 43 680 110 118 320 289 63 711 453 376 522 243 19 121 381 555 586 747 534 40 404 477 30 374 137 319 405 478 267 318 713 598 136 441 241 64 603 656 163 579 338 380 140 26 305 549 584 457 727 169 12 607 525 376 176 375 709 477 191 483 361 646 21 671 145 612 732 676 305 659 567 221 734 538 175 678 639 670 439 735 242 187 558 63 665 421 76 538 233 509 298 314 401 336 541 250 
64 296 699 327 318 278 241 92 580 233 561 484 219 224 305 20 701 535 41 524 699 182 444 557 605 28 224 97 414 49 692 555 272 428 747 148 194 458 557 626 639 109 645 197 365 331 646 564 201 117 298 114 660 713 23 53 194 533 257 517 588 665 497 423 386 308 198 738 736 345 452 342 455 214 566 382 597 646 292 330 167 595 440 464 279 284 715 249 697 103 617 516 4 563 366 355 586 554 431 544 
369 335 289 455 131 643 448 376 128 701 714 619 570 270 313 532 713 95 306 47 160 95 581 294 490 17 61 487 633 95 278 249 448 2 479 33 101 606 401 24 583 66 483 638 154 256 213 13 280 116 151 234 656 523 575 606 521 553 714 651 330 211 285 580 290 121 371 318 326 344 289 194 281 723 525 40 534 267 476 377 280 479 27 492 264 694 133 701 226 395 558 498 507 317 523 0 355 468 636 465 
577 251 193 295 702 656 650 312 77 582 673 370 620 551 280 427 680 16 687 615 185 519 466 640 592 341 584 16 335 464 79 246 439 18 468 244 540 261 542 155 717 595 363 507 669 376 658 498 412 247 711 660 671 45 431 60 290 594 223 444 29 83 375 112 288 415 187 230 382 668 733 105 447 500 72 601 529 503 497 110 209 191 394 673 387 327 26 669 384 684 274 51 716 160 17 616 84 584 655 486 
509 509 127 391 305 123 366 216 123 143 267 271 684 538 197 246 443 221 486 730 435 605 517 184 604 68 707 506 293 745 223 249 150 542 268 365 160 322 243 174 158 42 79 182 478 6 283 512 149 246 144 452 332 397 203 212 312 376 445 422 727 650 402 532 655 64 262 289 154 319 8 126 698 76 608 185 292 467 104 397 705 384 203 147 241 201 122 244 153 315 618 122 496 720 547 371 646 31 411 578 
246 190 419 174 290 388 438 728 122 321 80 31 59 372 238 570 426 255 532 429 369 139 468 42 483 387 411 575 581 637 311 543 719 54 484 747 121 534 501 680 526 87 98 154 537 109 157 331 392 96 694 210 95 29 139 259 171 218 18 496 666 38 467 629 119 417 700 532 557 339 334 109 143 613 606 228 641 458 24 736 26 629 607 517 463 151 112 257 585 365 182 226 3 74 502 463 87 331 48 738 
679 543 147 399 368 314 194 740 353 534 291 190 188 88 487 71 234 82 218 141 259 273 666 412 388 84 376 521 524 448 552 82 475 367 198 146 445 705 549 717 515 367 189 30 623 561 590 119 109 422 215 175 361 6 704 195 257 87 433 457 213 252 646 90 616 749 668 299 127 167 289 445 734 254 661 477 314 660 640 162 490 430 656 551 550 478 548 20 50 89 140 85 642 309 75 543 195 307 56 234 
13 591 35 479 207 368 215 416 593 423 579 31 668 618 286 578 63 400 725 326 78 23 101 354 683 535 533 229 488 643 17 468 747 43 397 207 361 173 747 99 587 395 620 7 668 447 150 711 433 366 193 607 350 325 218 591 235 428 236 229 214 57 286 175 250 614 235 681 302 560 505 224 447 7 500 183 618 573 466 576 289 733 200 347 51 93 84 561 221 569 386 629 271 352 528 418 289 513 416 334 
47 387 606 94 655 239 351 692 168 603 749 191 733 279 711 342 545 427 379 657 681 136 152 574 450 490 684 634 658 248 6 303 574 692 307 669 524 436 167 389 572 413 727 197 251 311 179 103 642 625 149 389 664 88 245 467 522 170 673 702 213 192 361 266 258 534 699 584 104 276 570 188 296 506 404 410 606 501 328 224 63 433 563 749 297 556 39 697 420 289 410 143 623 69 54 460 396 399 25 598 
66 1 25 294 506 438 693 53 85 339 100 535 705 331 641 530 734 214 502 483 466 457 537 81 599 399 646 75 22 706 100 358 601 703 164 384 508 395 644 473 306 162 673 676 413 498 540 4 692 36 748 13 736 272 244 119 166 70 451 649 523 643 409 189 217 574 405 693 284 79 391 405 736 121 729 274 707 576 290 528 484 397 216 320 427 241 609 661 372 35 537 703 37 79 21 573 463 620 386 0 
552 108 687 530 311 238 721 731 271 140 251 155 182 736 12 123 684 391 561 74 636 594 172 20 95 78 359 77 219 680 483 535 170 617 658 649 320 114 286 492 251 535 192 558 653 541 528 485 96 396 456 632 129 132 164 437 136 710 1 713 374 458 591 641 636 636 332 205 358 147 600 293 165 33 733 570 378 433 413 727 413 715 176 730 89 366 270 35 332 703 627 671 413 225 591 96 720 214 20 530 
69 602 57 339 35 590 346 162 79 616 496 156 314 702 48 137 295 110 57 218 730 273 37 722 384 584 584 43 563 83 242 399 638 347 36 647 505 679 658 501 576 590 667 141 422 445 731 564 625 478 237 362 375 599 114 587 326 735 424 58 468 438 583 193 582 311 691 238 181 435 115 553 716 473 280 305 539 16 739 364 198 484 116 636 669 76 417 603 660 678 701 562 486 423 269 449 192 489 658 427 
315 730 315 299 424 483 411 315 109 167 238 529 15 406 146 214 228 550 88 521 298 564 26 698 257 434 356 132 322 277 294 551 638 399 193 522 653 134 153 111 577 366 481 190 550 672 354 97 597 330 621 13 269 590 463 685 439 280 559 559 424 334 459 687 525 226 106 715 202 541 91 602 260 65 626 656 643 492 701 240 16 656 148 71 90 20 362 214 583 501 694 725 173 722 498 489 27 461 230 477 
111 434 274 545 173 146 629 338 393 209 669 174 115 556 706 454 645 1 258 285 398 356 447 531 376 514 31 580 392 70 607 367 536 324 41 183 506 207 656 343 514 213 476 688 492 434 114 452 327 745 493 385 40 301 355 502 99 434 624 645 28 717 689 14 410 358 452 35 631 349 402 148 208 12 94 308 152 446 615 84 106 260 590 562 112 259 363 570 471 505 136 641 326 532 490 240 726 494 531 142 
596 314 470 140 511 660 462 655 279 732 568 225 483 226 115 389 107 134 463 74 699 618 107 747 531 112 414 6 272 276 326 71 143 118 118 112 536 597 258 571 254 327 690 174 551 583 580 408 19 746 107 245 499 708 617 254 622 267 273 450 417 612 623 180 446 453 384 713 656 559 446 673 134 551 64 372 434 389 540 506 181 413 527 452 204 578 231 639 735 240 673 566 36 442 691 64 69 731 498 553 
589 400 193 119 138 121 643 149 65 534 499 42 674 155 111 742 135 366 735 705 188 294 130 251 121 589 303 629 556 59 23 595 333 20 436 590 178 506 734 724 172 741 715 434 472 687 634 282 712 21 433 281 475 333 544 84 672 191 202 520 97 296 412 230 678 688 547 293 98 388 13 243 314 312 449 87 496 459 457 649 150 111 100 683 534 17 116 742 2 735 420 441 325 234 683 219 28 252 220 190 
418 115 562 476 324 670 451 449 93 618 578 59 455 267 264 268 735 718 255 120 503 293 403 565 321 92 296 215 531 128 585 16 316 302 297 114 366 284 703 11 271 280 79 635 450 455 688 669 105 224 403 194 573 730 440 181 538 128 259 81 395 96 40 299 456 226 235 494 131 202 194 483 520 506 680 160 32 738 142 559 601 340 672 618 730 84 468 243 662 12 4 18 174 736 203 110 391 419 283 51 
